AccountNumber BranchId GroupIds
ACC04e6 251 3,14,24,29,21,15,54,28,46,2,17,31,8,30,35,13,12,4,20,6,34,33
ACC0468 306 44,3,35,19,6,47,26,32,48,45,46,43,39,18,49,22,33,28,25,15,27,53,9,52
ACC065 193 27,40,17,20,19,15,23,1,7,44,16,0,38,50,4,21,42,36,51,31,46,45,25
ACC06a2 367 13,33,35,44,6
ACC01a4 533 51,23,50,47
ACC03c0 189 31,28,38,54,14,22,44,7,49,50,4
ACC084 72 49,3,33,16,30,26,32,12,39
ACC04ae 321 4,17,29,45,44,18,39,11,13,9,22,51,27,1,50,47,28,42,2,8,16,34,31
ACC03c 167 31,6,34,7,14,16,2,12,29,41,23,5,28,51,38,46,35,50,22,3,44,30,49
ACC051 586 40,29,50,30
ACC02c1 258 34,39,29,26,22,33,9,35,20,10,3,12,11,52,2,8
ACC053f 375 39,36,52,7,2,0,54,9,16,20,4,34,49,1,35,30,3,31
ACC05a8 568 45,37,50,19,40,41,25,14,48,18,16,4,10,23
ACC03ac 489 20,35,37
ACC018d 103 42,30,13,19,17,48,18,14,31,5,16
ACC01e9 33 30,25,6,37,48,33,15
ACC0458 52 38,54,23,52,19,20,28,14,42,45,26,27,2,43,35
ACC0490 534 40,3,31,24,50,46,16,26,41,7,36,2,18,43,17,13,34,0,20,37
ACC0cd 63 49,17
ACC06b3 447 10,38,37,24,20,0,2,47,29,22,52,15,50,7,1,12,54,5
ACC065c 156 18,16,44,12,9,41,36,2,42,20,53,13,10,40,35,25,52
ACC06f7 200 52,31,37,11,16,26,41
ACC0235 452 19,29,14,4,20,27,3,46,23,47,39,17,38,13,30,36
ACC02a2 262 52,38,19,45,16,49,25,47
ACC056d 527 2,5,32
ACC0430 430 12,49,2,48,29,43,38,22,19,17
ACC07a3 442 36,44,40,23,16,47,17,37,32,39,28,41,35,12,38,45,6,26
ACC0442 120 28,27,49,11,23,26,51,13,14,33,0,1,3,47,24,36,34,9,19,41,5,40,48
ACC04fb 13 29,43,48,31,32
ACC05ed 75 5,2,31,17,29,13,32,46,10,4,15,37,27,8,42,33,51,30,24,53,34
ACC06c5 33 38,34,5,17,53,42,30,19,31,9,39,41,40,49,47,23,12,2,45,35
ACC03bb 385 36,0,49,52,13,33,9,4,39,48,40,26,54
ACC0425 220 37,47
ACC050a 578 2,52
ACC04d5 56 12,9,26,8,24,3,44,37,39,23,10,28
ACC0ab 121 32,30,12,0,29,52,35,8,5,2,23,26,49,3,37,4,17,53,14,47,15
ACC015a 598 36,44,12,31,4,20,10,40,16,19,14,26,1
ACC017e 161 22
ACC0683 410 24,8,22,54,19,25,12,53,44,34,15,11,29,33,3,30,5,48,35,2,27,31,23
ACC07b9 402 48,0,9,21,36,38,28,24,51,41,25,19,3,54,11
ACC03f 584 10,1,40,33,38,23,36,14,35,32
ACC02a5 47 45,49,54,28,14,35,27,47,8,9
ACC077e 456 54,35,6,8,51,23,1,46
ACC0733 402 50,46,17,45,34,22,25,0,30,47,13,39,44,29,20,11,8
ACC042a 337 24,44,23,47,39,5,41
ACC067f 476 22,44,14,10,17,20,18
ACC0573 397 12,15,42,52,16,27,5,53,6,39
ACC0649 146 25,10,30,24,35,42,36,23,32,22,34,27,8,51,19,15,4,5,28
ACC05ac 537 7,49,15,16,10
ACC09 39 29,40,5,39
ACC0ce 515 27,10,38,28,42,51,13,21,49,44,25,50,26,36,17,54,16,23,43,34,15,46,52
ACC054e 111 37,15,20,40,54,32,50,17,36,6,46,19,4
ACC02e 491 28,4,38,17,44,20,6,10,24,31,26,5,21,34,47,53,43,49
ACC03f4 113 30,24,54,44,39,46,23,17,29,14,25,28,21,2,0,5,12,27,26,7
ACC052 125 15,5,50,19,31,8,21,0,22,30
ACC04e 77 18,12,0,42,20
ACC074 31 9,52,22,29,40,23
ACC06d9 561 43,17,24,45,19
ACC05bf 431 10,31
ACC01b0 41 2,37,25,6,32,51
ACC022f 112 52,8
ACC062 172 30,53,1,25,50,26,40
ACC095 5 22,26,38,1,15,39,21,29,45
ACC011f 88 50,20,42,11,13,30,26,41,7,1,39,43,51,10,48,9,54,0,46,23,12,19,53
ACC079c 377 32
ACC0249 183 40,20,31,25
ACC0723 197 20,52,50,10,54,6,48,53,18
ACC0444 512 28,7,13,6,52,1,22,8,32,45,47,15,16,34,50,39,23
ACC05c 363 27,4,40,53,16,36,33,32,7,25,52,45,48,29,5,42
ACC03da 325 43,12,19,32,27,36,21,6,14,30,34,1,44,51,7,28,47,54,10,20,8,15,25,4
ACC06c0 591 13,52,51,30,0,26
ACC02c6 207 12,21,47,33,17,50,9,20,29
ACC04f8 582 54,42
ACC01ca 45 6,19,0,12,16,50,33,13,53,32,39,27,30,17,20,44,37,3,28
ACC01a2 124 12,22,42,54,8,36,29
ACC01f0 593 14,33,4,34,38,46,27,30,15,5,16,25,52
ACC0275 74 6,42,9,45,51,37,15,41,2,52,50,24,38,8,18,53,5
ACC0424 333 17,2,30,40,12,20,49,6,13,52,45,28,31
ACC0281 555 30,32,25,27,26,1,9,17,52,43,15,3,33
ACC0100 154 16,30,7,38,43,26,42,29,12,14,53,31,23,19,35,28,36,24
ACC035d 6 52,13,43,38,39,46,18,37,32
ACC0626 379 28,42,26,31,43,9,51,40,33,10,39,36,5,7,13,16,21,44,52,20,2,32
ACC05e0 208 11,50,33,23,40,32,38,43,41,4,42,34,24,5,53,48,25
ACC041d 15 17,5,30,52,8,32,9,41,20,3,46,38,37,22,16,21,12,45,10,51
ACC061b 405 6,31,21,32,10,43,44
ACC0259 114 6,12,30,39,48,2,9,46,5,27
ACC0171 361 21,9,7,43,36,29,27,38,53,37,32,3,50,44,13,49,52,30,46
ACC0fb 134 9,2,19
ACC03cb 246 40,19,8,27,29,53,16,21,5,51,26,32,44,0,48,3,52,12,13,15,11,2,18,17
ACC06 263 35,5,50,22,19,18,14,11,42,49,30,28,48,40,16,13,38
ACC0772 212 6,44,12,26,19,2,0,34,27,47,51,33,38,50,3,46,10
ACC03a9 346 52,50,25,19,32,38,34,3,54,1,16,31,53,29,22,5,40,43,15,48,41
ACC05fc 11 23,49,18,12,5,46,53,2,8,26,22,19,20,14,45,47,40,6,52,17,13,11
ACC0133 305 24,31,52,27,28,30,20,25
ACC0513 547 16,47,38,12,18,19,53,10,27,2,22,33,43,4,29,25,7,9,32,5
ACC058c 326 53,24,49,11,31,35,13,34,7,45,21,9,33,14,12,44,32,30,20,23
ACC0770 270 1,12,9,6,17,4,21,43,39,24,38,54,52
ACC070d 54 17,32,21,28,45,22,3,12,47,23,14,11,10,5,53
ACC07c3 517 17,44,8,42,3,12,54,38,0,40,49,13
ACC0679 382 2,9,18,14,8,34,28,51,19,7,25,35,37,45,24,16,20,53,23,11,41,15,22,26
ACC0f3 579 51,11
ACC04eb 217 5,51,27,4,0,28,19,47,50,45,37,10,48,52,1,42,32,12,34,18,13,43,40,39
ACC0601 510 6,47,9,10,0,14,5,50
ACC047f 551 43,47,46,49,18,15,41,11,29,32,13,21,0,7,14
ACC078 69 24
ACC06d0 229 3,21,26,48,42,52,51,18,29,24
ACC02f2 524 10,34,32,42,18,17,6,26,30,38,35,29
ACC040 473 45,53,27,0,5,1,47,15,30,3,52,37,18,48,28,41,4,23
ACC0764 148 48,52,42,16,24,6,51,31,38,14,32
ACC03ea 15 25,20,45,8,31,2,16,43,50,15,19,48,51,35,29,32,24,47,14
ACC053d 156 40,16,26,45,46,6,19,32,42,25,49,20
ACC030 554 32,8
ACC020 536 41,32,2,21,24,5,36,48,6,33,26,13
ACC03dd 589 46,17,8,35,50
ACC06b9 7 53,54,40,22,44,37,46,25,50,8,9,7,33,21,4,12,41,43,20
ACC04f1 324 39,12,26,7,27,20,30,14,19,34,21,5,46,33,32,51,23,43,8,54,25,28,22
ACC0579 119 28,54,14,39,25,36,16,6,38,50,26,0,21,8,41,9,43,35,30,23,46
ACC073d 520 6,50,33,24,4,54,28
ACC02fd 155 3
ACC013f 580 36,28,15,13,33,1,4,12,29,5,22,23,3,10,49,37,54,34,18,43,30,2,47
ACC03c6 54 43,28,9,21,24
ACC0582 484 28,35,51
ACC0511 85 53,45,16,36,9,29,50,31
ACC0586 227 38,31,36,50,19,30,48,5,25,24,2,44,51,54,37,16,39,27,49,3,32,10
ACC02b8 291 18,36,12,21,43,8,1,30,17,23,27,11,39,9,50,2
ACC0617 518 21,33,11,50,3,51,35,30,20,8,24,27,10,29,0,44,18,22
ACC06af 186 15
ACC05a3 117 21,46,28,26,23,4,7,30,41,17,27,52,42,22
ACC064d 528 32,4,7,1,12,35
ACC022e 401 17,35,26,33,46,39,2,48,34,50,37,27,54,23,43,36,10,29,32,47
ACC0477 109 10,7,54
ACC06be 86 11,48,2,40,16,47,23,52,30,27,7,20,10,4,51,37,50,8,28
ACC07b6 543 30,46,10,18,24,54,33,53,22,29,0,19,32,1
ACC01e5 114 6,23,16,25,53,18,2,28,17,4,49,22,40,37,0,46,35,10,41,45
ACC05f6 152 54,14,5,8,19,44
ACC0277 32 21,1,26,40,51,10,35,17,41,45,43,27,13,20
ACC0376 119 25,50,22,45,46,39,26,33,38,6,0,21,41,17,37,20,30,36,44,23,49,51,27,48
ACC017d 121 0,10,21,24,28,8,31,23,3,9,30,37,12,35,14,44,40,5,42,49,38,13,34,48
ACC01c 333 47,53,41,12,1,32
ACC0700 51 34,35,24,48,20,7,12,51,42,27,38,37
ACC0562 485 3,54,39,24,29,46,33,49,16,40,17,48,25,5,44,34,21,2,38,47,41,51,27,42
ACC0319 385 43,22,49,39,42,29,10,27,31,47,40,21,30,20,33,25,5,28,35,3
ACC0641 68 1,45,51,18,40,2,34,52,4,5,27,20,49,16
ACC0210 402 4,28,39,47,50,30,13,48,0,20,2,25,31,36,7,35,1,5,8,38
ACC05b0 51 11,41,33,12,0,2,34,25,27,32,23,8,51,50,44,29,9,16,36,38,28
ACC0341 559 36,6,3,11,13,18,38,54,45,8
ACC0584 263 39,12,16,2,21,27,18,25,50,51,24,13,44,49,26,9
ACC0656 139 28,12,38,41,16,7,29,30,17,21,2,27,9,48,50,39,23,19,3,15
ACC0510 57 52
ACC017b 217 6,23,29,17,46,28,52,8,42,37,40
ACC05a5 81 39,54,21,31,5,7,45,23,16,20,11,28,50
ACC06ac 464 54,27,46,39,7,51,35,3,40,25,50,26,15,29,0,48,47,44,14,8,23,34,32,24
ACC0326 214 37,25,48,54,14,29,0,5,40,45,17,2,32,23,15,20,33,3,39
ACC04e0 204 1,25,6,38,50,0,7,12,19,48,36,14,49,53,18,9,23,21,43,8
ACC078e 479 12,44,17,34,45,25,36,16,41,29,53,20,28,31,39,50
ACC040d 342 2,52,23,3,35,34,19,49,28,8,12,40
ACC06a5 353 52,31,33,36,6,42,39,10,17,28,38
ACC076b 241 53,34,7,26,29
ACC02b5 193 25,0,45,50,5,22,23,8,13,31,14,49,51,11,53,37,30,12
ACC0248 208 47,41
ACC063a 228 42,50,49,52,0,17,27,18,14,31,7,33
ACC05b7 140 22,40,24,14
ACC06f9 34 51,26,34,19,6,14,11,23,52,48,45,31,1,33,53,41,5
ACC030d 123 20,49,35,37,32,3,26,53,54,40,46,28,48,21,22,4,52,30,15,39
ACC065e 157 32,51,48,25,13,9,26,5,47,35,19,34,41,45,46,16,8,20,2,21,4,33,38,43
ACC06dd 587 22,32,27,23,17,29,13,48,5,1,36,12,15
ACC0403 327 18,44,29,24,25,39,12,38,45
ACC056c 574 24,48,44,29,21,5,31,8,38,47,49,37,25,1,43
ACC07a1 24 47,14,19,53,11,28,43,23,38,37,21,20,17,42,52
ACC045b 320 17,2,4,7,53,6,36,33,5,35,11,20,52,13,45,9,8,38,22,26,51,34
ACC068d 410 0,54,12,38,17,8,23,29,1,47,43,32,52,44,24,5,35,37,31,45,13,7,2
ACC0239 76 12,25,40,1,35,6,36
ACC01e4 259 9,40,21,22,16,36,24,44,50,33,28,13,2,18,47,42,46,17,41,30,20,7
ACC094 566 44,17,1,11
ACC0684 25 53,3,46,44
ACC0132 363 18,12,42,7,13,1,53,28,14,46,8,11,27,43
ACC049d 79 25,38,32,19,30,26,24,28
ACC051c 128 23,36,37,19,26,49,14,27,24,34,16,17,35,12,42,0,43,9,32,54,46,45
ACC08 351 45,20,11,35,51,18,25,14,50,46,19,44,12,4,7,49
ACC0443 168 2,12,43,13,4,25
ACC0694 333 19
ACC0150 337 8,13,33,0,44,12,39,2,50,29,30,45,38,46,36,21,1,43,52,3,34,25
ACC0590 190 32,48,15,44,1,14,37,35,40,5,0,7,31,49,6,42,39,29,27,51,19,43
ACC02ae 200 34,3,16,53,35,48,41,39,1,4,21,30
ACC0701 320 15
ACC072b 520 25,16
ACC01a8 591 0,47,51,54,11,13,6,9,52,41,21,14,26,33,29,8,30,28,2,49
ACC015e 534 28,34,30,31,51,10
ACC06cf 505 6,33,17,26,18,41,13,16,10,45,28
ACC02d5 572 24,5,6,42,17,10,44,54,9,20,16,41,53,46,1,36,34,2,27
ACC06fc 278 17,46,15,18,47,10
ACC0732 595 53,34,38,46,35,21,41,50,17,13,37
ACC0642 225 52,44,7,33,19,5,16,26,20,22,46,18,10,17,34,31,41,53,43,4,14,45,12
ACC0b8 44 50,39,46,54,21,45,44,25,11
ACC0567 281 48,15,1,36,45,0,16,12,7,41
ACC0607 37 8,15,51,3,45,33,31,2,21,26
ACC071d 367 15,34,50,0,20,30,4,45,19,33,54,14
ACC0674 232 50,31,9,24,15,53,30,44,54,36,35,26,10,33,20,22,11,7,37
ACC0272 371 16,34,47,5,24,10,41,7,37,54,3,53,52,26,33,30,15,22,13,27,48,31,46
ACC0637 29 36,52,42,45,31,20,26,44,49
ACC02e0 412 20,41,17,29,38,44,16,53,43,3,6,2,30,46,48,34,51,45,49,54
ACC04bc 199 26,2,30,29
ACC0260 545 13,20,8,2,32,14,50,30,36,15,9,49,29
ACC0233 76 9,49,29,7,39,54,25,14,42,40,5,11,38,37,20,44,32,46,48,31,8,23
ACC0620 573 29,13,40,23,27,46,11,15,22,18,19,53,43,35,33,36,31,6,34,16,9,45
ACC0c0 179 4,3,38,44,40,43,45,28,47,12,1,30,15,7,23,6
ACC066 87 7,49,38,32,42,51,8,33,27
ACC0166 19 31,4,50,12,28,6,17,41,29,42,39,3,27,48,22,43,15,54,47,20
ACC0ad 415 43,32,23,53,35,13,24,52,10,6,31,37,2,46,20,1,36,4,7,9,39
ACC050d 171 31,18,11,4,47,17,8,1,16,50,54,13,14,43,28,35,9,51,10,22,39
ACC0221 389 40,49,12,30,16,22,54,13,42,20,41,4,8,33,44,17,37,43,6,11,36,46,38
ACC02ad 112 8,14,32,2,20,7,54,39,10,37,50,35,12,51,13,53,24,46,31
ACC07b4 177 30,24,40,8,4,22,50,47
ACC08a 343 12,52,41,15,28,13,5,33
ACC04bb 252 2,16,44,42,31,46,29
ACC02df 197 19
ACC0784 464 16,18,5,53,33,9
ACC0465 534 32,8,26,16,37,9,3
ACC05d7 78 4,21,37,6,23,53,39,5,44,7,50,29,25,42,30
ACC05f7 145 37,7,44,49,21,38,6,33,45,18,4,22,31,42,17,20
ACC0543 452 11,27,25,54,24,4,29,34,26,36,20,48,5,23,16,42,46,12,51,35,2,38,41
ACC0349 297 7,52,30,9,11,51,53,27,43
ACC054 74 25
ACC0526 568 42,51,34,28,6,5,54,37,43,23,9,29,33,8,7,13,38,44,52,27,19,17,0
ACC02bd 71 14,9,28,13
ACC087 438 45
ACC056b 258 32,2,3,49,45,29,41,10,7,40,28,25,51,52,8,33,15,47,48,39,42,53,11
ACC03ca 497 9,47,26,11,27,36,22,34,23,46,12,18,41,3,1,37,20,13,29,45,17,6,0
ACC04c4 487 52,37,53,25,3,40,17,18,36,45,23,11
ACC0315 553 12,48,46,40,18,1,21,23,42,16,50,30,0,4,6,33
ACC0705 507 4,21,16,41,26,8,24
ACC0498 323 21,30,29,52,47,54,20,50,51,25,15,16,6,0,39
ACC0263 416 47,21,23,13,25,35,2,32
ACC025b 568 32
ACC0356 310 32,21,50,31,2,34
ACC0520 574 50,31,35,27,3,0,1,16,41
ACC0399 272 35,17,19,44,38,11,1,29,26
ACC0157 66 23,3,17,18,10,20,38,11,22,6,30,53,44,52,35,29,45
ACC071f 284 13,10,52,11,42,34,49,47,29,14,30,35
ACC02f6 545 43
ACC0243 31 21,34,15,44,50,0,31,2,13,9,5,42,36
ACC02e6 40 2,39,5,37,44,50,22,43,28,33,9,6
ACC0404 295 20,30,15,45,32,38,4,14,19
ACC061a 408 2,12
ACC053b 231 15,4,3,28,24,16,25,13,39,42,43,33,34,38,6,40,20,49
ACC079f 142 53,50,13,45,28,48,3,8,23,12,17,41,31,0
ACC0760 248 49,27,16
ACC032e 503 28,10,9,13,0,45,33,17,1,7,50,26,5,44,21,48,46,47
ACC060d 111 37,35,31,16,39,42,36,7,13,46,18,2,41,28,20,52,38,10,44,25,33,29,24,11
ACC0d8 105 27,33,9,44,17
ACC03d5 478 23,8
ACC043d 291 52,5,23,38
ACC0786 186 40,34,53,30,37,16,28,43,33,51,45,22
ACC03fe 244 39,6,32,52,28,30,42,16,44,8,27,24,1,33,25,12,48,34,13,7,2
ACC06c2 100 13,5,27,51,3,30,50,2,54,32,41
ACC067a 511 27,47,39,5,28,21,6,9
ACC0192 589 45,48,46,6,23,35,25,30,1,41,43,47,44,14,40,32,24,36,18,31,22,33,17
ACC07c 61 51,49,24,41,27,14,23,32,18,3,5,4,22,16,13,21,28,30
ACC0419 236 15
ACC062f 453 47,51,29,19,54,31,8,26,14,42,43,7,2,20,39,44
ACC06ad 485 10,16,51,27,28,7,13,6,41,34,36,4,53,11,32,19,42,40,48,20,46
ACC02ea 94 0,34,26,15,1,27,39,17,19,28,12,40,23,21,11,53,38,45,20,7,36,48,54,31
ACC0583 541 37,39,48,40,8,16,36
ACC0718 374 34,10,36,37,53
ACC05cc 342 44,18,42,30,16,53,45
ACC0a4 337 41,7,34,44,43,13,2,32,27,6,53,23,24,46,12,4,11,31,37,47
ACC044a 59 19,30,15,20,43,37,39,51,33,36,41,0,3,14,1,29,49,32,12,21,53,45
ACC05d1 84 18,53,14
ACC0203 185 50
ACC05c0 150 38,19,33,27,40,39,34,47,49,17,35,23
ACC0307 240 49,9
ACC0427 437 24,18,10,16,26
ACC0720 83 50,40,31,12,3,34,9,29,37,16,1,43,7,32,28,30,35,45,54
ACC077c 303 29,26,51,52,34,14,0,20,50,43
ACC067e 363 37,52,53,45,51,25,23,21,48,8,14,12
ACC065f 317 53,36,49,40,27,7,3,26,30,45,18,20,8
ACC0751 520 53
ACC0662 446 41,9,52,32,8,50,17,42,47,24,26,13,29,4,45,37,51,23,19,20
ACC03dc 42 13,39,40
ACC0375 127 27,10,11,3,25,50,2,5,9,36,37,38,47,4
ACC0548 236 18,54,12,10,0,11
ACC044d 374 1,53,45,18,14,15,6,51,43,33,20,44,34,23,12,40,36,0
ACC0d2 42 12,23,7,51
ACC0a2 313 0,30,22,8,34,13,28,54,42,12,21,9,23,31,37,29
ACC057b 434 10,20,13,45
ACC0535 170 3,14,2,30,29,47,31,6,16,43,28,45,48,21,34
ACC05ec 488 24,40,2,48
ACC025d 466 53,50,31,27,35,9,14,23,1,22,4,46,10,51,44,32
ACC0238 416 18,28,15,10,29,21,0,5,1,7,27,2,24,3,47,45,48,4,37,16
ACC07a 581 3,53,17,42,4,26,20,43,2,40,18,41,8,12,52,31,22,48,13,1,11,23
ACC06bc 64 26,13,21,48,3,43,37,5,49,30,22,31,25,23,12,7,39
ACC0738 136 31,2,32,34,41,24,12,21,8,22,53,13,9,30,38
ACC067d 263 51,40,11,49,39
ACC0647 305 26,51,6,37,2,32,40,19,44,45,50,35,8,48,27,15,12,25
ACC0454 435 21,2,20,19,49,3,4,51,34,46,14,16,41,12,36,39,52,37,1
ACC04f5 537 52,14,15,41,23,20,11,5,28,22,32,40,27,50,12,36,29,21,8,49,39,1
ACC097 594 17,25,7,47,41,40,28,21,5,49,45,31,19
ACC03b7 303 14,50,33,46,54,43,21,7,0,26,17
ACC0c9 596 28,45,15,6
ACC0712 506 20
ACC02d8 336 52,45,18,5,42,2,30,50,20,12,10,37,41,40,46,43,14,8,28,9,34,11,33
ACC01e2 230 38,19,46,22
ACC030c 430 27,9,1,20,51,43,46,50,47,49,23,41,13,15,17,53,29
ACC0660 78 22,46,36,48,33,17,1,25,34,10,31,20,26,43,42,7,18,3,4,47
ACC0640 172 6,38,40,27,12,26,41,49,43,16,8,21,29
ACC021 229 28,33,39,0,46,22,54,5,51,18,11,38
ACC05fb 363 28,52,32,34,27,20,47,48,49,6,54,40,43,16,50,18,42,39,30,23,44
ACC01bd 469 36,42,4,21,29,0
ACC0247 423 25,50,19,9,31,53,52,34,32,36,48,8,45,47,12,42
ACC0267 210 46,6,1,7,51,30,15,45,48
ACC07a7 43 42,3,15,50,10,25,49,16,53,27,33,9,36,21,1,19,2
ACC0793 544 26,15,19,8,2,35,11,45,29,13
ACC032c 78 42,44,52,34,28,3,5,21,40,18,41,25,35,20,51,43,1,38,12,11,39
ACC02a6 547 2,4,17,40,7,21
ACC069c 127 41,45,44,11,25,53,36,52,12,50,0,24,35,18,19
ACC079d 171 12,24,27,53,42,48,15,44,0,35,33,46,34,9,28,19
ACC08b 375 40,5,36,37,49,42,39,27,53,2,47,54,1
ACC04dd 204 7,5,30,12,33,24,27,6,19,25,45,50,26
ACC0658 123 24,6,21,45,13
ACC06ef 366 34,20,18,47,3,38,27,11,46,10,51,30,31,8,14,32,49,43
ACC0144 149 11,22,28,47,46,49,36,13,15,6,2,31,39,8,43,26,30,12,4,50
ACC093 118 24,20,48,13,45,15,17,46,4,23,7,32
ACC038c 462 30,20,32,54,7,48,47,2,10,18,4,43,46,14,28,5,19
ACC053c 507 32,47,50,6,52,45,10,28,15,43,36,13,9,24,19,23,17,5
ACC0187 172 22,13,2,15,42,28,10,8,50,46,3,37,47,52,7,39,30,17,33,32
ACC01cf 439 14,32,11,39,16,4,51,23,24
ACC03e6 399 12,51,37,34,52,31,16,41,11
ACC05fd 530 9,41,49,26,53,34,4,47
ACC0136 332 32,45,25,5,30,23
ACC07a0 511 16,15,18,54,43,38,5,28,50,52,24,12,34,0,7,11,6,13,8,48,21,44
ACC0396 488 5,27,16,6,51
ACC02b7 426 52
ACC03e0 547 19,12,34,11,13,17,33,32
ACC01e 314 27,12,39,25,46,48,28
ACC04f9 518 18,4,12,27,39,43,51,35,47,21,36,41,9,13,16
ACC02aa 30 52,49,33,46,14,19,16,10,34,13,18,9,45,17,24,0,28,2,29,25
ACC0201 288 21,7,41,47,11,39,26
ACC02d3 215 10,34
ACC028f 242 29
ACC066f 260 54,17,30,28,0,12,6,3,47,1,41,52,29,35,8,9,20
ACC0410 107 46,51,11,30,16,38,5,27,37,45,47,33
ACC0521 341 20,4,33,42,1,25,48,29,31,15,39
ACC06f6 468 50,28,36,14,45,10
ACC037e 51 45,53,37,33,48,43,12,20,30,52,29,34,50,36,11,47
ACC053e 60 35,1,38,42,25,20,18,22,41,36,47,10,43,37,50,14,3,31,33,54,7,21,11
ACC07ca 259 0,9,16,38,42,32,7,34,50,5,4,39
ACC04a5 274 33,21,24,12,5,10,51,1,29,26,7,8,32,14,42,25,28,41,13,19,43
ACC05df 70 13,49,1
ACC068e 377 14,34,3,8,43,1,47,46,27,13,48,45,28
ACC038d 251 20,45,30,39,1,13,27
ACC0141 368 11,17,27,23
ACC043b 206 47,0,37,10,53,48,23,31,26,11,43,30,33
ACC046e 299 0,35,19,38,13,40,25,29,15,36,5,11,12,21,42,24,22,28
ACC0351 566 6,1
ACC0655 451 41,46,28,23,9,52,38,15,14,54,3,37,45,1,53,12,6
ACC06db 189 29,52,54,30,32,12,16,3
ACC06a1 236 2,37,19,39,18,22,33
ACC0121 261 15,12,28,13,24,45,22,52,1,49,54,32,2,51,37,50,36,19,9,42,47
ACC075f 235 26,25,32,50,10,14
ACC0c5 370 20
ACC0d5 240 28,3,19,34,18,15,0,11,25,14,38,36,26,17,45,8,47,21,7,40
ACC0db 339 8,53,23
ACC0618 110 11,29,46,21,48,16,52,17,6,5
ACC0364 457 46,40,30,8,0,54,32,12,16
ACC0429 514 40,43,11,31,37,35,36,41,29,38
ACC0726 124 22,18,32,21,24,37,5,36,28,38,40,53,29,23,30,31,46,39,4,17,9,33,1,51
ACC013a 385 35,41,17,45,16,10,19,44,54,6,3,11,30,12
ACC0d7 401 22,27,26,19,48,43,7
ACC014f 267 43
ACC0e3 387 44,0,50,22,12,20,48,40,9,33,43,34,31,38,11,6,3,29,54,10,14,46,51
ACC0317 517 37,4,27,6,25,30,52,1,9,44,31,38,42,46,14,7,45
ACC019 539 48
ACC058 102 31,53
ACC04d1 233 8,38,34,27,45,49,28,37,17,52,12
ACC0463 141 0,44,23
ACC049f 124 7,53,30,20,8
ACC01ad 114 5,14,17,47,4,23,34
ACC05ad 183 34
ACC047e 88 22,13,9,30,6,17,37,38
ACC0736 289 15,51,16
ACC0151 130 25,40,16,22,54,14,45,23,15,0,8,34,51,48,27,20,50,18,52,7,24
ACC03ef 21 47,42,7,5,9
ACC0230 315 26,48,39
ACC01af 354 5,23,50,16,47,31,49,9,51,48,43,53
ACC0d4 303 37,5,50,39,49,41
ACC0147 299 49,3,44,38,14,46
ACC0370 103 10,38,30,48,26,21,51,27,15,5,52,7,34,46,39,14,0,35,50,2,47
ACC03a2 96 11,17,30,4,51,42,9,44,5,18,33,54,0
ACC01e0 385 37,49,3,36,25,9,39,2,51,45,44,54,7
ACC032 143 4,21,22,31,41,7,42,14,47,54,29,19,45,23,43,37,40,34,38,26,33,16,2
ACC0251 590 7,31,39,43,20,28,4,9,1,10,0,45,2,49,3,37,21,46,12,19
ACC05e 305 19,35,32
ACC01b3 522 36,7,51,26,2,5,54,31,19,41,47,3
ACC0196 139 27,7,23,48,0,3,8,49,24,17,19,18,2,43,44,5,15,22,6,33,51,9,53
ACC0165 137 24,41,36,27,23,6,17,10,34,3,44,29,22,1,9,0,13,47
ACC064c 29 51,25,22,30,21,39
ACC01b5 351 36,5,42,2,8,14,35
ACC04ed 592 51,49,31,46,19,0,44,7,13,25,37,43,16,26,4,18,47,32,11
ACC05a6 40 43,8,3,15,14,32,4,38,20,1,9,10,2,46,5,13,53,18
ACC035b 2 38,15,20,50,14,2,23,0,19,37,35,40,17,33,5,39,9,44,52,27,24
ACC0558 480 1
ACC04b5 544 6,33,25,49,10,52,14,23,28,36,54,11,29,12,41
ACC02fb 127 47,40,2,14,1,30,34,29,31,45,24,15,50,18,52,54,11
ACC0112 104 43,42,24,54,53,51,32,35,31,41,33,38,17,29,40,34,20,26,27,37
ACC0b4 199 40,0,35,44,41,34
ACC0158 597 20,47,51,21,0,44,53,32,11
ACC0501 430 23,44,17,2,19,24,26,12,31,49,10,16,52,22,9,6
ACC01d0 20 32,15,5,8
ACC03f7 565 46,26,13,3,50,12,51,2,8,40,42,45,19,47
ACC04df 484 29,27,24,19,54,0,47,30
ACC059b 241 54,41
ACC068b 37 48,38,18,21,32,46,9,29,34,51,26,54,7,47
ACC0713 70 8,9,17,41,37
ACC011d 323 37,48,19,8,47,31,51,52,53,29,6,28,43
ACC03d4 120 21,31,27,2,11,51
ACC036f 289 36,27,39,15,40,31,4
ACC0426 561 16,2,18,3,40,11,38,48
ACC06ec 351 15,13,16,9,18,47,3,30,51,35
ACC024e 151 46,14
ACC033 138 8,21,28,15,43,31,18,11,22,45,17,44,23,40,27,6,33,46,35,50,49,48,0
ACC03af 354 49,22,24,6,35,7,45,36,10,44,17,51,14,21,12,53,46,54,31
ACC01e6 512 31,14,44,2,45,7,4,20,37,30,29,1,3,36,39,25
ACC02be 502 41,1,23,44,27,12,7,43,36,2,14,40,35,28
ACC06de 84 11,21,46,28,50,17,1,18,53,16,37,29,27,13,39,15,20,2,34,22
ACC0762 593 50,19,0,29,16,35,34,47,12,2,22,51,18,9,7,53,4,44,36,31,27,26
ACC0306 561 50,38,14,13,42,49,34,2,29,25,0,53,27,5,4,12,40
ACC01cd 386 26,50
ACC0367 277 53,50,25,4,54,20,14,32,48,26,27,28,6,18,42
ACC0532 411 28,24,20,50,11,7,54,25,26,36,45,53,48,43,5
ACC0268 593 10,5,40,11,0
ACC037a 58 53,24,44,20,38,47,15,30,52,51,1,35,27,48,2,33,25,12,16,6,17,11,36
ACC0323 233 35,42,41,46,11,32,16,18,13,31,4,25,6,36,28,19,20
ACC011c 584 8,10,39
ACC04d9 217 41,36,15,30,23,37,53,19
ACC0769 557 43,50,19,20,18,17,13,34,53,25,31,41,30,9,49,51
ACC038 523 22,18,24,0,47,51,19,21,23,20,30,31,28,32
ACC0636 117 42,54,33,32,37,53,9,38,7,13,31,16,4
ACC07cf 564 9
ACC016e 37 30,15,20,45,28,39,6,29,26,0,48
ACC07c5 384 27,21,34,50,54,4
ACC02c2 189 22,30,34,25,27,39,16,13,43,15
ACC026a 252 1,9,32,45,39,14,5,11,34,18,29,19,36,26,4,44,30
ACC044b 81 24,9,39,28,1,38,36,32,41,10,49
ACC0337 313 41,27,8,6,29,17,14,52,1,33,30,10,9,43,50,28,39,37,18,5,23,51,21
ACC0266 480 11,5,52,39,4,24,16,49,3,40,29,1,33,43,27,50,18,22,19,17,47
ACC04f7 422 29,11,24,26,45,15,36,17,52,34,21,31,25,54,1,37
ACC0653 511 34,6,4
ACC01ef 487 49,13,21
ACC031 167 34,53,46,43,45,12,32,9,38,49,18,4,11,7,39,54,10,15,28
ACC0538 48 40,1,5,10,52
ACC0460 280 54,19,5,46,8,49,7,13,37,4,29,43,44,23,53,20,0
ACC0448 3 49,34,29,53,17,20,54,27,21,36,4,8,28,0,45,30,43,14
ACC0c7 131 6,50,33,22,41,49,13,9,26,48,38,28,4,36,53,35,21
ACC047a 168 12,25,32,5,38,26,49,33,35,1
ACC023d 508 46,6,34,42,53,44,40,9,50,16,31,20,18,33
ACC05f4 260 14,44,13,25,21,32,26,30,36,5,46,45,23,51,1,17,33,22,10,12,6,50,3
ACC01d9 78 53,10,6,17,25,16,35
ACC03c4 151 24,52,41,35,19,23,27,54,43,29,39
ACC0421 514 24,35,43,5,21,4,38,14,20,53,52,8
ACC0677 350 25,44,28,36,31,48,42,18,9,21,40,23,26,41,13
ACC0437 278 23,47,41,26,42,1,10,40,52,17,22,50,6,18,2,30,20,36,34
ACC0781 459 29,15,52
ACC06c9 274 47,1,25,21,9,23,15,53
ACC014 214 25,42,13,21,48,52,4,8,9,5,39,45,38,47,7,26,50,54,41
ACC0774 131 15,37,47,23,34,53,38,4,36,33,43,2,21,19,32,29,0,49
ACC0305 137 4,45,10,48,8,23,11,33,13,21,30,26,42,41,17,20,32
ACC0563 447 17,11,48,24,0,38,28,33
ACC02f0 92 0,22,45,53,33,1,7,35,12,24,3,32,2,52,28,14,13,26,49,37,23
ACC025e 282 21,46,18,41,3,14,52,12,53,2,42,11,22
ACC0598 476 22,11,48,43,53,6,9,24,36,42,54,3,31,51,45,13,20,5,40,16,26,33,23,37
ACC0457 366 38,36,29,44,23,43,46,6,42,2,49,33,8,31,20
ACC06e0 451 47,44,35,20,22,42,0,37,46,16,26,45,38,11,50,17,36,21,15,40
ACC04d2 464 30,10,13,47,19,20,49,15,52,1
ACC0689 404 53,2,8,22,42,43,14,21,49,45
ACC0389 311 48,21,45,27,10,24,41
ACC0639 328 28,26,30,18,4,46,52,47,12,8,19,14,27,40,6,34,0,10,29,48,3,17,24
ACC0546 9 45,20,46,5,35,39,23,26,12,14,54,21,38,22,16,17,3,18,31,36,51,48,49
ACC041c 432 35,50,41,7,20,30
ACC0333 373 8,52,15,30,46,19,38,16,24,5,34,39,13,6,25,31,50,2,32,36,37,40,20,53
ACC0172 484 23,1,10,37,11,43,48,50,38,54,7,19,42,31,29
ACC0156 370 35,41,2
ACC01aa 415 21,27,51,32,30,1,52,5,12,37,15,11,33,7,39,25,13,8,35,0,24
ACC0c 576 11,53,42,50,48,26,45,43,28,15,27,18,13,46,3,30
ACC07a4 450 26,3,33,16,11,43,46,10,45,5,30,27,39,50,20,7
ACC0209 201 10,23,1,33,31
ACC0673 125 10,49,20,51,46,54,50,33,53,13,26,2,43,25,3,39,1,45,30,5,18,32
ACC077a 411 1,19,48,53,43,54,33,6,49,18,28,39,15,20,22,4,7,16,25,26,37,21
ACC01fe 189 15,40,47,7,37,20,50,45,8,23,44,6,43
ACC015d 114 26,39,18,7,29,23,1,21,32,40,35,38,45,42,30,36
ACC0438 280 34,33,15,37,20,19,52,0,54
ACC0f 9 46,19,38,3,37,43,48,21,51,17,9,28
ACC05bc 499 17,46,7,19,33,37,50,1
ACC0788 516 29,16,14,30,33,38,22,46,4,52,24,27,31,12,36,37,15,5,23,39
ACC040f 216 42,24,16,33,21,15,4,18,44,35,25,11,51,13,6,8
ACC032a 204 1,23,37,47,15,44,18,9,24,3,17,54,2,42,22,10,43,33,12,7,14
ACC03c5 451 24,27,45,22,25,38,21,32,49,8,47,20,35,31,14,23,43,51,52,33,4,28
ACC023f 370 4,20,6,22
ACC01a1 91 3,35,52,21
ACC026c 199 30,28,18,9,5,42,41,25,37,3,22,45,11,19,53,43
ACC054a 444 20,44,29,41,13,19,18,34,24,45,30,11,1,4,28
ACC02e3 365 18,15,13,53,22,8,0,46,33,47,39,45,43,50,42,20,17,32,24
ACC010c 7 20,9,47,17,13,41,49,48,2,4,24,38,14,29,5,15,16
ACC0114 554 52,50,5,45,0,7,16,32,40,18,14,2,27,44,8,43,35,21,51,17
ACC02e2 200 27,41,54,11,25,40,30,32,39,36,9,17,16,53,22,35,3,46,4,31,19,51,20
ACC076a 2 48,15,21,42,50,13,34,29,25,44,10,14,53,18,0,17,39
ACC05 233 40,49,18,46,25,54,23,43,3
ACC06a 466 30,4,7,14,28,43,38,20,33,39,52,0,41,53,3,37,31,6
ACC01f6 70 41,30,40,43,13,46,24,0,21,34,33,9,7,44,19,37,6,50,49,14
ACC0634 72 7,31,29,54,42,5,1,48,37,33,32,35,50,41,38,53,25,14,34,4,3
ACC0512 298 10,2,38,54,53,45,12,25,42,33,20,36,22,21,19,5,13
ACC0228 123 27,36,34,9,8,45,52,49,39,54,10,33,35,17,47,31,18
ACC03d 479 14,32,12,50
ACC0b7 555 53,34,25,12,3,39,30,49,10,16,23,28,36,35,13,47,20,42,17,31,50,27,46
ACC01da 590 23,32,24,8,18,47,12,15,51,26,39,29,53,49,14,54,43,3,44,5,48
ACC05de 494 9,46,26,34,37,13,23,35,36,1,11
ACC0541 141 29,49,53,33,1,5,20,54,51,19,42,26,31,4,10,36,44,23,0,27
ACC0591 134 28,31,5,35,4,24,25,22,38
ACC02f1 566 54,19,51,45,53,8,44,24,34,50,12,10,36,41,14,9,46,39,16,32
ACC0ed 157 3,41,30,37,26,13,21,51,28,17,54,8,33,20,49,1,44,4,11,48,35,36,10
ACC03cc 552 4,25,38,53,7,2
ACC0623 203 34,32
ACC0754 239 49,12,48,45,53,22,27,15,16,54,26,40,17,20,38,9,1,6
ACC035a 492 34,6,17,44,39,49,4,21,27,26,42,45,31,23,30,24,38,40,51,20,8
ACC031c 575 35,33,1,27,49,2,16,23,50,31,40,12
ACC04cd 203 41,19,33,35,52,53,49,27,25,51,34,30,43,48,39,38,42,22,7
ACC06fa 221 30,0,35,36,53,16,19,13,17,34,32,37,7,44,38,52,15,49,47,8,3,24,9
ACC01c5 384 28,33,1,13,42,35,6,53,52,54,45,48,37,24,30,21,10,46,29,7,39
ACC0242 476 0,6,25
ACC07c6 312 34,10
ACC0449 576 27,32,54,31,52,38,35,7,28,10,2,30,40,33,49,43,4,53,22,29,44,15
ACC0670 122 43,8,50,46,30,51,18,44,36,45,54
ACC0257 80 15,11,44,28,38,30,36,47,20,29,41,14,35,45,48,8,21,34,16,51,46,50
ACC051f 368 28,16,35,1
ACC0258 258 31,41,38,12,54,22,8,13,5,35,11,47,19,29,2,49,52,48,0,18,6,30,39
ACC08e 142 36,51,39
ACC031e 118 11
ACC0310 359 48,37,19,17,50,18,52,5,49,3,22,44,38,8,35,16,7
ACC05b2 386 26,3,49,10,7,8,52,21,4,30,40,34,39,1
ACC036a 161 54,27,10,24,11,15,51,46,30,53,48,18,41,22,29
ACC052d 232 45,34,41,47,10,18,39,30,6
ACC06e1 255 41,46,13,12,53,35,16,28,21,32,47,10,8,36,30
ACC039c 14 2,22,3,46,9,10,23,34,39,30,26,17,27,35,21,16,7,6,32,54,38,8
ACC07b3 276 3,1,31,16,37,54,15,27,17,13,49,33,0,53,11,42,32,22,4,5,23,52,34,6
ACC0113 196 21,23,20,16,48,50,34,47,39,8,44,45,32,0,26,33,42,54,49,53,9
ACC04ac 217 20,36,19,15,39
ACC0398 211 16,29,18,17,38,12,36,19,35,6
ACC0627 47 7
ACC0624 365 35,53,12,40,18,15,23,29,43,24,17,54,30,28,5,50,33,41,25,49,10
ACC062b 58 47,54,42,9,35,13,11,33,23,32
ACC02f4 111 8,14,27,3,50,29,31,17,49,20,34,13,11,5
ACC0506 589 3,4,13,23,20,6,17,5,36
ACC02c 439 35
ACC0439 494 36,30,4,12,28
ACC0651 165 38,29,48,41,26,30,2,27
ACC0c4 58 50,31,44,11,53,4,35,2,54,18,48,40,24,26,10,7,20,14
ACC0745 370 32,27,13,46,9,36,3,39,29,52,26,42,5,11,2,12,31,21,14,24,22
ACC0491 489 10,54,45,24,7,47,13,52,49,46,30,0,26,25,15,50,14,53,43,8
ACC074e 367 34,0,43,6,8,26,10,50,52,15,47,27,16,36,28,7,49,33,20,21,19,17
ACC049e 430 22,40,35,24,26,50,21,38,27,8,33,51,3
ACC0456 210 1,39,23,28,25,47,48,6,20,11
ACC073f 165 30,38,10,24,45,51,43,17
ACC06ff 384 51,42
ACC01a3 23 4,34,50,24,54,17,52,7,3,6
ACC0380 342 32,18,50,47,30,23,3,11,52,5
ACC0734 362 47,50,15,14,35,26,2,18,42,52,44,45,12
ACC07ac 307 38,43,42,9,45,47,16,48,28,11
ACC010e 111 40,16,42,51,29,24,53,12,5,48,44,6,50,36,4,9,46,8,21
ACC042b 496 10,0,9,40,54,52,17,50,46,1,47,33,23,45,15,51
ACC0153 320 37,21,32,36,35,8,0,40,42,24,44,48,33,28,49,41,43,34,3,26,10,52,50,38
ACC044f 289 35,3,2,14,29,32,8,22,26,17,47,43,1,44,5,7,16
ACC05e3 513 17,40,32,49,51,42,4,0,29,7,21,53,54,25,16,11,35,9,2,18,23,14,8,20
ACC0290 310 43,20,38,28,27,17,31,21,34,40,48,50,25,6,47,3
ACC0fa 96 6,14,7,39,0,53,38,25,47
ACC0142 108 44,24,38
ACC01e7 105 37,54,15,39,24,10,27,8,42,23,45,35,32
ACC06ce 442 23,45,40,35,14,39,1,42,3,25,32,4,26,5
ACC02e1 240 15
ACC042 127 44,10,17,48,5,46,24,50,11,3,28,30,9,40,2,39,0,7,8,27,16,36
ACC01de 593 47,33,0,14,2,12,15,28,11,25,52
ACC0553 260 8,7,26,30,11,3,39,19,13,43,52,45,47,5,25
ACC0231 475 18,15,29,30,32,2,4
ACC06f3 373 40,3,38,2,30,0,39,15
ACC03c2 491 26,18,21,30,28,54,36,27,44
ACC020c 341 18,28,34,6,53,5,14,42,52,0,44
ACC02b0 481 15,41,42,31,48
ACC0408 578 25,29,2,7,30,0,21,51,49,40,24,33,15,28,23,13,47,19,39,37,36,52
ACC040c 15 17,43,22,4
ACC0533 184 1,21,50,32,46,47,13,49,26,20,24,10
ACC04c1 546 27,34,20,26,16,13,14,9,12,15
ACC0485 294 46,35,13,29,50,31,54,7,27
ACC04a1 290 24,52,8,6,45,7,29,40,2,27,25,51,42,15,46,10,32,17
ACC02c5 517 17,33,2
ACC033d 280 35,43,34,37,17,27,32,18,31,2,25,45,8,54,1
ACC0202 368 35,8,12,32,38,44,22,23,36,52,9,42,6,7,24,50,39,54,28,31,2
ACC01d7 105 21,27,42,44,22,13,25,41,7,0,35,10,14,23,2,34
ACC061f 352 3,32
ACC0138 23 36,44,45,10,46,15,27
ACC03a 418 3,46,32,35,12,13,26,22,39,34,15,36,33,49,20,21,19,44,14,7,23,25,10,28
ACC0362 557 41,23,54,17,25,47,49,15,3,39,28,1
ACC0190 440 24,45,23,33,48,34,53,46,8,44,20,30,49,29,47,14,32,5,7,31,3
ACC031d 402 9,8,43,44,12,37,6,16,23,0,4,29,27,41,25,21,5,15
ACC0462 202 15,29,8,20,3,14,49,28,36,23
ACC056a 370 49,40
ACC0777 528 1,14,50,7,30
ACC06b7 14 35,46,13,39,41
ACC02c9 567 35,24,7,51,22,39,38,29,32,53
ACC05c1 411 50,0,39,49,11,16,41,9,17,53,47,38,7,43,45,29,40,33,22,19,8
ACC01ea 9 35,45,48,52
ACC07cb 149 15,17,5,22,12,3,33,1,13,38,9,19,26,54,49,11,48,6,47,28,21
ACC042c 350 20,13,15,35,17,49,0,22,32,2,3,12,31,34,37,4,53,54
ACC0711 579 5,22,37,36,16,53,4,32,1,17,39,13,47,26,43,54,46
ACC02c0 69 7,11,12,25,43,1,21,45,51,0,37,33,13,54,6,28,4,47,49
ACC0285 550 37,34,35,47,36,19,40,17,45,21,33,51,50,12,48,4,54,41,2
ACC047d 12 53,19,14,22,29,42,12,38,18,26
ACC0401 425 51,16,36,50,45,52,34,31,49,7,28,25,40
ACC05fe 80 25,9,39,14
ACC0278 468 18,3,28,1,21,53
ACC0397 133 27,11,31,34,17,53
ACC0402 359 45,8,17,40,14,47
ACC0698 53 46,26,34,44,22,1
ACC055b 578 23,35,16,27,25,41,9,2,11,15,17,45,30,38
ACC073b 16 21,17,45,24,3,47,9,20,28,5,6,46,30,13,2,42,49,12,41
ACC03d3 3 4,47
ACC02ac 153 20,43,52,50,38,8,14,27,45,49,39,17
ACC0731 474 38
ACC0252 322 32,28,43,41,52,36,50,44,54,26,20,8,23,30
ACC037 46 4,19,12,20,45,5,25,13,9
ACC057e 552 14,22,18,38,23,34,15,46,5,2,41,50,32,35,11,54,7,12,26,45,47,49,8,20
ACC05b4 298 40,28,27,44,46,10,45,37,26,15,11,50,53,19,39,18,48,20,43,17,51,5
ACC04b6 287 12,31,41,26,7
ACC0214 25 37,45,16,24,5,43,9,34,38,11,32,20,29,25
ACC03f2 487 28,24
ACC0220 223 48,28,23,35,10,31,45,32,13,14
ACC038a 386 43,13,15,42,38,25,12,46,29,17,21,14,45,24,36,27,8,28,53,54
ACC04a 408 10,19,1,34,9,36,0
ACC033c 235 31,44,16,13,36,3,47,20,8,27,7,35,4
ACC074b 502 19,41,2,27,36,7,51,38,43,31,47,8,39,0,32,9,53
ACC038b 224 20,33,43,8,2,0,17,38,32,13,9,51,36,24,15,44,39,27,50,23,11,54,42,6
ACC0384 164 18,53,47,14,46,3,42,45,29,54,9,41,39,12,30,32,27,26,2
ACC07c1 134 46,1,17,41,43,22,51,11,44,20,40,13,12,18,53,54,4,27,49,28
ACC0f4 385 20,22,11,19,45,26,42,41,23,37,15,47,10,0,9,13,16,2,24,38,3,54,51
ACC03ed 371 47,20,49,9,19,29,54,38,27,53,16,25,41,44,39,10,8,52,3,14,42
ACC014e 78 12,24,5,52,10,46,28,23,19,31,21,38,40,34,49,11,39
ACC0411 10 46,47,38,2,15,0,10,11,52,42,21,26,40,7,4,1,53,25,50,16,37
ACC061d 422 0,43,7,9,10,44,33,53,54,14,31,39,22,41,46,30,47,8
ACC02a7 380 3,31,43
ACC0343 332 51,29,2,31,52,23,19,35,49,44,27
ACC03cd 250 6,32
ACC0328 221 54,49,29,47,0,15,36,22,42,19,11,14,33,23
ACC0727 373 47,18,42,30,54,40,35,31,20,49,17,48,38,21,15,23,2,5,7,36,50,37,25,29
ACC01e8 558 42,10,50
ACC0222 232 54,12,44,4,45,7,38,40
ACC0708 144 11,43,52,34,10,48
ACC06b8 353 51,0,4,13,22,39,52,14,11,24,34,30,9,44,18,42,48,25,43,28
ACC05b6 373 1,44,4,39,37,11,9,7,6,43,28,34
ACC03e4 23 43,16,25,14,52,47,20,53,9,0,31,38,44,27,36,39,29
ACC02ca 262 3,15,6,1,25,46,26,13,27,52,23,28,44,21
ACC0386 346 2,15,49,31,28,20,39,0,22,27,30,51,3,9,12,7,26,4
ACC05a7 505 37,48,50,11,34,32,17,13,10,40,15,22,41,54,12,44,51,21,7,0
ACC020b 292 21,12,22,14,50,1,10,48,52,4,17,13,34
ACC072a 555 36,2,28,8,53,44,27,1,12,43,35,9,23
ACC04ff 319 15,11,25,43,26,48,32,23,0,42,20,54
ACC0669 278 33,50,40,49,10,18,26,27,25,42,11,47,30,32,54,34,37,19,53
ACC0792 430 32,20,2
ACC07be 470 0,28,31,6,47,26,3,22,5,38,51,23
ACC0481 196 53,33,26,50,18,8,22,0,2,19,52,5,42,41,15,35,47,46
ACC01b 293 25,12,37,47,9,46,26,0,51,24,4,38,39,23,32,15,43,13,18,45,19,41,52,29
ACC06cb 254 50,46,7,11,34,42,3,9,2,6,12,5,36,8,49,13,16,28,14,38,23,27,41,35
ACC0433 290 47,11,2,18,28,36,33,42,24,26,53,39
ACC03a0 38 4,52,47,28,46,3,10,26,0,29,14,23,5,41,7,51,43
ACC039a 554 3,26,17,10,4,53,29,47,37,16,20,11,51,2,22,38,39,36,21
ACC0418 583 49,12,44,42,29
ACC02a9 298 47,37,34,33,52,11,20,6,0,9,26,3,2,17,15,44,30,18,12,40,46,22,10
ACC026 571 31,45,14,38,36,32,47,29,48,20,34,11,37,50,6
ACC05cf 402 25,32,28
ACC07c2 338 3,42,44,41,26,31,12,52,7,16,27,39,1,29,33,47,19
ACC04fa 198 43,12,26,27
ACC04a9 71 41,45,14,31,25,49,10,23,5,26,9,13,34,20
ACC07a8 374 15,17,44,38,35,13,20,36,42,25,39,18,29,11,5,34,22,30,16,32,47,49,31,45
ACC0283 168 38,52,18,16,23,7,20,33,28,34,17,40,29,41,25,45,39,37
ACC02fc 204 5,4,0,52,50,47,51,26,25,17,22,54,27,30,42,2,18,31
ACC056 416 36,52,16,14,44,49,10,42,27,24,40,53,46,4,32,29,25
ACC07c9 7 37,46,14,27,11,19,0,23,36,35,13,12,54,52
ACC0c2 505 33,31,36,53,37,48,52,24,38,6,2,29,23,40,28,5,15,8,20,27
ACC037f 476 3,41,14,31,0,2,19,10,4,16,49,34,29,25,8
ACC07bb 280 35,37
ACC01f2 36 42,30,5,8,3,41,0,2,7,35,32,11,47,22,45,40,9,46,14
ACC016b 591 21,20,23,26,40,8,13,14,4
ACC01db 547 53,34,9,21,24,1,39,14,19,30,20,48,36,33,2,54,15,49,32,16,42,18
ACC037c 476 48,50,26,53,25,2,40,31,49,42,30,27
ACC06b5 306 50,42,7,11,37,21,49,23
ACC03ae 112 36,52,23,25,35,16,18,13
ACC0292 95 12,30,35,32,3,22,28,48,15,39,40,21,18,44,37,16,38,9,49,14,47,53,19
ACC0695 584 29,54,30,43,2,19,11,44,31,4,49,40,22,24,45,51,27,8,1,53,38
ACC0127 512 40,26,12,0,46,2,13,39,10,52,16,30,48,38,45,8,50,25,1,36,42,33,23
ACC021a 127 33,52,12,35,5,40,49,7,37,1,27,30,46,25,26,14,19,50,53,38
ACC01b8 54 24,4,6,32,54,10,30,21
ACC054b 577 39,15,1,35,11,13,26,50,40
ACC03e1 339 36,18,2,27
ACC0514 119 3,9,33,54,1,5,24,35,17,22,21,52,39,14,10,47
ACC037d 496 52,24,50,51,8,7,47,38
ACC031a 255 1,52,2,28,7,49,35,27,45,11,36,38,6,42,8
ACC0300 488 0,26,19,25,53,8,43,6,38,29,21
ACC034c 589 14,36,39,38,2,47,49,17,20,4,51,18,50,9,45,43,30
ACC049a 35 6,46,2,51,24,30,9,45,35,22,15,38,32,53
ACC0122 14 6,41,23,54,38,12,21,50
ACC063b 119 20,37,43,12,10,49,2,48,0,19,5,38,50,39
ACC0759 38 29,44,31,17,33,50,41,30,18
ACC06c6 121 6,4,5,30,31,42,33,35,17,47,16
ACC0476 534 25,3,10,48,40,50,42,43,41,39,26,35,45,20
ACC0b1 556 45,43,50,35,12,15,40,22
ACC01a7 129 34,12,41,2,48,16
ACC04e2 20 0,51,1,24,35,13,17,42,45,32,31,12,7,25,36,21,11,47,46,6,50,5,22
ACC0555 220 27,43,49,24,17,26,28,42,44,40,21,20,29,39,51
ACC0ca 529 0,54,8,22,37,13,26,47,14,43,32,3,35,33,42,16,30,39,12,27
ACC0699 388 50,36,11,21
ACC0365 438 16,3,17,20,5,7,27,4,40
ACC0212 14 10,38,23,41,7,46,44,4,54,6,15,2,27,22,40,35,21,33,26
ACC0719 76 1,54,2,43,46,14,51,32,50
ACC05c6 480 45,20,13,8,50,4,21,10,31,5
ACC0246 4 41,9,48,37,54,25,47,49,8,30,27,42,17,39,1,28,6
ACC06f2 476 11,35,39,29,12,47,7,25,46,36,2,13,42,28,31,20,33,9
ACC079 438 31,27,1,24,0,14,16,47,51,49,28,23
ACC013b 478 13,41
ACC04d8 305 53,46,48,26,16
ACC0447 59 45,50,14,22,12,28,24,51,52,47,7,27,4,3,21,26,34,13
ACC05d4 101 49,3,30,51,33,16,29,28,15,9,5,25
ACC021b 243 42,52,11,25,18,0,17,33,24,34,10,5,44,51,22,28,3,31,12,35
ACC0423 414 15,35,2,11,16,0,4,24,26,8,49,54
ACC0479 354 32,52,17,41,10,27,4,12,26,50,7,18,46,54,48,3,22,24,11,30
ACC07b1 4 5,0,31,46,42,41,51,53,28,52,1,30,16,20,21,47,25,24,3,7,14,8,4,15
ACC01dd 384 53,35,49,20,44,11,1,16
ACC05ea 23 13,7,10,4,42,54,36,41,27,43,31
ACC04b8 564 52,18,17,31,21,32,26,41,5,50,0,28,2
ACC0709 308 28,8,30
ACC022 593 54,1
ACC0561 508 7,12,42,10,4,41,8,37,46,28,0,43,17,3,21
ACC048a 58 33,27,0,42,54,51,20,24,17,40,34,52,49,23,18,43
ACC0286 463 34,25,33,40,31,44,36,39,37,35
ACC072c 330 49,5,11,42,8,2,29,51,37,12,18,23,24,54,4,20,32,26
ACC05e8 361 11,5,52,13,2,3,45,46,22,47,17,9,51,12,0,49,35,18
ACC0287 532 11,34,25,17,31,43,47,42,1,3
ACC0274 353 16,51,44,49,24,28,11,40,5,41,6,34,15,22,48,52,27,30,43,1,3,25,39,26
ACC029 216 44,11,43,23,20,27,54,9,38,49,12,50,32,15,22
ACC05e2 578 37,9,22,0,3,38,50,2,31,34,48,42,35,17,45,46,24,53,8
ACC07c8 312 9,23,39,4,20,6
ACC029e 527 33,32,19
ACC0778 312 51,32,52,15,34,18,46,22,20,7,45,14,37
ACC0273 361 42,44,26,6,36,20,17,35,54,38,0,41,12,23,31,2,50,7,19
ACC0265 579 52
ACC0148 45 21,32,45,11,30,43,29,4,33,53,35,27,38,0,44,39,26,19,40,12
ACC0452 144 45
ACC0552 344 8,13,26,40,21,10,14,34,36,51,4,30,19,9,43,22,47,16,27,18
ACC0606 139 17,37,35,40
ACC0672 18 6,31
ACC050e 402 48,27,44,26
ACC02ee 255 1,9,34,47,10,27,11,21,46,24,0,18,4,37,5,49,26,32,13
ACC02e5 260 8,53,30,48,9,15,34,3,16,12,38,35,13,45,28,32,40,46,52,4,44
ACC04d0 5 15,27,24,30,53,16,8,19,43,49,51,22,44,39,45,12,17,34,5,52
ACC05dc 399 52,41,17,18,37,29,48,31,51,45,53,15,7,26,14,20,19,42
ACC0499 421 16,43,54,21,52,14,9,46,23,31,48,41,13,27
ACC0571 392 1,30,48,29,20,16,17,10,2,47,28,26,35,21,25,33,11,5,7,43,51,27,42
ACC0450 299 8,46,27,23,14,11,48,44,51,9,53,0,49,7
ACC0766 322 34,30,25,53,4,42,29,49,3,1,11,15,0,46,17,50,8
ACC0174 296 32,46,53,39,25,43,23,47,49,48,5,4,13,28,44,20,35
ACC0551 360 38,42,46,40,30,15,49,20,51,4,18,47,36,16,43,39,31,26
ACC019c 541 39,21
ACC052e 582 47,3,53,2,8,32,17,45,43,52,48,26,24,33,7,15,35,49,12,1,29,5,0
ACC072f 291 26,8,32,7
ACC059f 146 3
ACC02dd 122 44,30
ACC07 109 19,31,5,1,40,44,22,27,15,25,50,30,48,45,52,14
ACC06e2 17 13,4,39,33,22,32,28,17,46,35
ACC0597 42 53,16,49,26,12,36,37,14,7,20,17,3,22
ACC0302 221 35,1,2,7,42,44,33,41,13,29
ACC041e 439 51,24,18,48,11,19,7,21,29,37,45,15,54,42,6,9
ACC0b0 367 50,53,49,22,29,40,28,43,54,26,7
ACC06bb 501 40,44,23,5,6,7,1,19,38,28,50,0,11,36,15,33,24,12,52
ACC0253 563 10,42,54,15,23,16,30,51,37,1,45,7,41,8,50,20,2,48
ACC04c2 594 34,4,28,40,49,17
ACC013d 385 54,51,17,34,47,0,9,23
ACC01f5 22 21
ACC011e 461 48,45,42,53,54,27,19,25
ACC06ea 199 40
ACC039e 395 41,12,26,44,38,28,31,36
ACC04e7 264 17,12,24,29,1,34,50,23,5,42,9,15
ACC0f2 143 49,50,6,24,46
ACC036c 390 28,49
ACC03ff 92 48,6,3,45,4
ACC047 320 38,49,16,27,18,19,44,6,46,43,20,10,47,48,42,13,22,23,53,39
ACC06e8 208 23
ACC080 307 35,53,33,26,15,40,34,52,22,42,39,29,7,20,46,24,25,8,37,6,54,32
ACC0363 234 52,37,50,43,47,21,7,24
ACC06d3 456 54,19,52,5,7
ACC04e3 77 48,2,26,47,43,18,40
ACC0178 510 4,11,3,9,19,24,12,18,13
ACC020e 152 38,54,18,6,24,32,23,30,21,46,27
ACC0ba 170 0,28,21,19,50,34,26,37
ACC0739 505 42,50,10,20,34,26,15,41,49,51,0,44,27,17,38,22,12,1,21,18,13,6,35
ACC0208 25 28,12,11,44,1,8,6,43,31,37,54,29,2,13,30,3,4,42,23,16,36,35,5
ACC0374 3 12,42,36,15,39
ACC027a 526 1,53,2,36,33,0,25,37,12,11,48,24,42,34,29,38,15
ACC0614 234 47,7,24,33,43,36,38,22,50,32,10
ACC085 247 9,0,28,45,54,40,43,33,15,46,50,12,32,2,18,41,34,16,5,7,24,49
ACC06e4 446 24,21,48,36,35,1,32,45,29,34,40,12,47,43,0,11,10,51
ACC076d 569 1
ACC075a 395 38,10,16,15,51,40,37,44,17,39,1,43,36,45,12,46,4
ACC050f 36 0,28,2,15,50,29,26,14,20,33,39,23,9,46,6,13,11,52,51
ACC03e2 595 4,35,12,49,27,16,54,45,26,25,10,43,42,2,29,38
ACC02a8 16 45,1,2,16
ACC0589 495 20,37,8,2,39,43,30,25,52,48,27,31
ACC03f8 345 17,51,8,13,42
ACC0bb 471 3,35,28,8,12,49,18,13,33,20,50,38,17,21,37,24,4
ACC01e1 146 25,39,7,37,12,53,29,54,9,4,50,15,40,24,8,17,23,28,14,51,36,45
ACC0dc 555 41,30,21,9,22,44
ACC031b 223 18,21,20,41,45,36,37,44,14,15,28,49,0,52,26,11,24,47,6,25,3
ACC068c 410 19,17,49,38,1,4,48,30,12
ACC0632 285 36,6,4,11,28,52,33,44,39,1,27,14,5,45,40,23,19,38,24,47,22,21,9,20
ACC078b 470 23,38,7,8,44,35,26,30,0,52,47,54,46,21
ACC06b4 471 7,35,38,53,45,43,16,8,31,10,14,39,9
ACC02ed 338 37,35,16,32,38,6,48,15,54,40
ACC0559 1 28,12,15,21,27,30,9,4,10,8,5,37
ACC0ae 167 47,8,7,12,13,29,37,10,15,11
ACC07e 599 5,33,15,1,47,22,7,49,4,51,26,54,50,13,37,10,38,25,31,9,42
ACC07a9 294 53,44,24,25,13,17,40,16,42,23,14,8,50,11,41,27,21
ACC04ba 557 49,16,46,48,15,36,53,33,45,18,1,25,2,4,38,39,31
ACC05b1 450 10,45,44,41,19,12,11,23,7,26,30,13,15,3,32,53,33,29,38,16,51,31
ACC0312 251 48,18,43,5,22,42,50,11,39,13,15,38,28,10,30,49,23,45,53
ACC040a 451 11,7,14,35,6,15,39,10,8,23,22,32,47,42,34,50,27
ACC0ac 328 18,46,2,21,52,7,14,23,20,47
ACC045e 130 27,35,9,1,26,16,45,20
ACC086 429 42,33,46,14,17,12,31,35,44,7,51,37,43,9,27,29,25,34,15,16,10
ACC0381 550 15,28,36,1,21,49,26,29,19,32,8,48,31,5,34
ACC02c8 159 53,14,51,52
ACC014b 566 18,45,23,36,43,29,28,8,24,15,38,46,50,27,11,3,52,47
ACC077 331 35,45,2,42,8,4,28,10,26,31,3,0,37,36,47,49,25
ACC054c 58 9,16,22,33,15,7,46,51,50,26,20,40,53
ACC0df 216 38,51,34,39,1,8,30,25,28,12,31,45,26,47,53,27
ACC052a 70 38,17,27,5,39,41,25,20,48,44,32,23,8,36
ACC06e6 502 32,9
ACC0e7 329 34,53,22,46,28
ACC023b 71 54,15,22,13,2
ACC045f 227 49,38,48,12,40,8,32,28,15,13,23,45
ACC02d9 378 49,44,23,20,29,28,31,11,51,54
ACC027e 514 36,29,24,38,40,34
ACC04c7 413 18,36,6,17,31,40,30,41,32
ACC01f4 537 53,10,22,20,0,36,19,44,47,42,45
ACC03ce 98 19,47,46,29,41,5,1,27
ACC068 368 5,11
ACC022b 55 9,40,0,8,32,29,11,49,46,6,10,54,13,19,20,35,42,51,37,22,18,15
ACC0105 70 22,23,47
ACC0163 110 32,31,3,48,34,51,13,20,38,0
ACC0f6 481 47,46,13,19,35,33,37,32,16
ACC02d0 99 13,45,51
ACC058b 145 8,36,47,50,52,20,10,19,18,49,23,35,6
ACC017a 580 46,35
ACC04c0 514 19,30,9,52,23,29,25,51
ACC06d7 311 0,12,42,35,52,47,34,28,22,24,53,25,7,31,29,1,27,30,20
ACC0280 523 20,51,17,15,41,21,42,12,39,46,4,8,14
ACC0385 9 49,51
ACC0594 501 11,52,49,46,8,10,44
ACC05e1 2 1,39,9,50,13,32
ACC07b5 16 42,36,40,12,10,51,28,46,8,22,53,15,31,24,32
ACC0522 149 22,41,6,16,33,37,38,3,2,26,30,8,32,27,53
ACC06dc 522 19,18,3,45,48,35,43,40,50,5,38,44,52,21,39
ACC02d7 514 15,12,6,49,26,45,36,34,2,7,28,44,8,19,31,53,48
ACC0619 309 49,45,1,27,22,43,8
ACC07c7 319 18,29,28,7,9,49,34,26,1,41,4,53,35,43,0,47,8,32,19,22
ACC0227 370 47,30,45,4,51,3,43,39,25,53,38,36,44
ACC02f7 64 30,1,47,41,33,11,27,51,7,43,16,37,25,26,23,18,40
ACC0413 313 19,49,47,21,28,24
ACC028b 16 38,11,1,15,21,30,34,39,17,41,44,10,43,27,33,54,3,52,12,23
ACC07cc 249 42,46,7,13,14,16,2,34
ACC0371 455 7,43
ACC01a9 89 47,13,49,18
ACC04fe 179 49,48,38,44,43,32,31,9,45,25,3,18,5,1,27,36,22,29,35,42,2
ACC0102 435 17,19,18,47,50,4,2,23,40,5,52,43
ACC03b5 328 4,15,2,19,33,36,0,20,28,43,41,21,47,37,27,38,40,53,16
ACC0344 105 52,8,51,11,25,30
ACC01f9 126 54,33,13,1,21,52,9,36,26,47,40,0,5,15,30,48,44,8,4,46,18,45,39
ACC010b 441 14,50,12,45,19,20,49,11,36
ACC06f8 230 38,44,26,27
ACC049 159 38,15,12,1,27,11,5,48,6,35,36,32,3,7
ACC06f5 60 9,35,46
ACC0199 61 51,52,43,20,12,31,48,4,14,38,35,25,16,37,10,40,27,54,32,2,53
ACC078a 89 3,34,12,30,41,43,37,15,36,22,20,54
ACC0366 67 38
ACC0383 100 35,23,46,40
ACC05e6 80 49,0,33
ACC05c5 120 18,31,26,3,32,5,43,42,16,44,6,25,50
ACC0254 258 18,46,4,33,51,7,9,47,42,39
ACC0d 344 37,4,6,14,47,9,32,13,21,38,53,18,31,3
ACC04e9 89 30
ACC04af 434 43,34,16,37,38,11,51,18,32
ACC066d 375 38,20,17
ACC0135 134 0,34,48,36,43,51,21,14,52,9,49,42,31,20,17
ACC0394 463 47,41,10,50,43,26,5,45,19,21,53,18,14,52,40,22,3,37,20,28,15
ACC04bd 4 49,48,47,20,11,22,37,19,34,12,51,43,41,25,15,13,3
ACC048 138 34,1,7,3,6,42,21
ACC0691 297 27,19,14,44,42
ACC05fa 260 20,50,14,33,10,6,34,24,13,42,44,46,35,53,22,40,30,23,25,0,2,19
ACC020d 160 41,49,4,21,8,12,51,53,15,44,43,24,6,36,3,20,2,19,16,46,18,48,11,37
ACC0299 489 11,27,42,36,31,33,53,21,46,12,19,29,35,52,50,51,39,38,45,18,13
ACC0342 535 23,34,38,2,24,14,40,50,53,5,19,44,1,10,37,12,42,45,33,25,26,32,11
ACC04c8 555 52,24,26,17,19,33,31,34,21,0
ACC015c 351 52,40,47,18,14
ACC06f0 422 15,20,19,29
ACC05c9 100 10,41,16,6,31,7,11,21,9,17,42,54,27,36,0,50,15,33,34,47,52,19,24,23
ACC0422 530 4,3,10,1,24,21,37,48,28,30,51,44,26,11,29,20,52
ACC06f 405 39,24,37,21,41,1,44,13,16,29,8,28,45,23,53,25,49,42
ACC072e 543 13,25,18,3,12,10,14,26,0,35,33,47,15,41,19,53,54,21,44,31,48
ACC01fa 53 54,26,10,24,4,17,0,1,40,13,22,9,3,5,44,8,51,25,11
ACC0382 435 31,39,28,49,14,42,30,16,45,15,38,18
ACC038f 305 22,45,0,17,48,39,10,3,38,26,34
ACC0cb 299 50,26,47,22,29,39,21,5,41,40,52,35,10,33,19,7,25,9,0,24,38
ACC00 87 50,53
ACC03e7 226 10,26,38,53,30,17,37,13,14,31,33,25,39,7,1,52,15,32,8,18,45,4,51,48
ACC01d3 544 40,53,28,51,9,19,32,22
ACC0359 165 22,11,32,3,20,17,45,0,39
ACC02c7 148 24,10,52,40,49,36,31,48,16,29,7,26,23,19,27,0,39,35,50,13,38
ACC0446 347 21,19,43,29,7
ACC068f 475 2,12,5,19,51,32,18,10,4,13,34,45,30,41,27,28
ACC0716 400 21,28,26
ACC01f7 83 41,49,35,6,52,16,46,12,39
ACC0675 392 27,48,47,0,5,53,24,46,15,36
ACC0a6 67 49,0,12,22
ACC0560 353 33,42,0,30,20,13,48,47,41,54,11,32,1,53,5,29,35,9,39,45,44,26
ACC043f 559 29,35
ACC0795 25 9,2,26,18,44,6,54,1,39,16,38,27
ACC04d3 150 1,20,29,22,26,11,5,27,37,30,16,51,44,52,12,3,24,54,28,53,35,46
ACC0659 507 44,40,41,2,29,42,4,16,33,28,27,48,8,36
ACC02d 591 6,28,18,1,53,3,23,12,33,35,11
ACC0752 66 43,18,6,47,32,22,5,51,14,9,33,41,34,38,31,25,23,42,37
ACC0706 54 38,2,53,52,11,9,13,22,46,28,16,19,36,33,7,23,41,6,20,0,25,1,17,18
ACC044c 27 44,8,4,0,26,22,50,3,28,24,25,34,39,35,23,16,19,32,1
ACC04de 269 46,12,0,49,34,28,42,29,31,33,40,43,18,9,25,13,4,47,27,16,30
ACC0714 415 5,40,29,20,49,9,6,44,37,18,42,15,51,43,26,35,25,12,34
ACC0241 13 8,32,10,6,4,0,24,43,45,46,7,42,14,1,39,23,40,3,49
ACC01ed 235 17,44,46
ACC02a3 511 18,26,47,24,14,41,8,52,40,12,0,7,21,2,20,42,36,15,33,9,51,6
ACC0332 88 20,32,21,22,15,12,34,53,37,40,47,45,16,25,27,6,0
ACC052c 146 6,50,45
ACC0250 65 20,44,48,31,41,16,21,12,15,14,38,32,34,49,8,43
ACC06aa 156 21,37,36,34,40,26,18,11,20,7,8
ACC0126 137 34,2,8,0,35,37,22,13,9,53,40
ACC0610 544 9
ACC0e0 588 29,10,2,47,34,17,4,7,39,37,26,48,43,31,42
ACC03f1 324 26,14,23,3,52,50,33,5,10,46,48,12,18,51,7,35,28,44
ACC0224 414 9,31,53,4,32,27,34,17,30,49,39,18,14,0,29,35,24,7,42,52,22,37,54
ACC0602 140 40,26,51,35,18,45,3,50,34,48,53,24,28,8,49,27
ACC058f 502 24,21,34,32,51,3,36,38,5,41,4,23,0,39,42,50,7,37,27,14,53,22,10,44
ACC071a 546 33,11,0,42,28,6,49,20,41,8,17,40,36,15
ACC0797 559 19,17,0,29,1,14,26,22,33,3,36,12,7,47,21
ACC02cf 536 43,30,8,1,51,34,9,10,0,7,37,45,17,49,22,24,40,25,35,5,6,47,29,4
ACC07b0 245 10,13,48,21
ACC0547 284 45,4,1,36,16,34,23,6,0,15,49,8
ACC0152 18 26,10,37,14,39,32,34,45,6,41,20,49,46,48,50,9,13,51,29,54
ACC030e 129 32,30,6,54,37,17,16
ACC0472 176 43,53,38,27,42,7,16,49,40,17,24,4,36,51,33,30,37,45,26
ACC0340 138 46,4,5,1,19,32,54,20,52
ACC01ac 146 38,33,19,27
ACC06d6 175 31,54
ACC075c 434 4,20,44,14,52,40,8,47,13,9,12,16,49,6,36,54,38,19,5,39,41,34
ACC070a 258 19
ACC0107 499 22,32,43,40,14,19,34,15,24,31,16,45,38,51,46
ACC073e 524 38,10,51,44
ACC03aa 380 50,34,26,33,10,14,7,39
ACC012e 134 53,41,7,4,0,26,29,38,44,39,50,43,49,46,25,23,20,33,30,24,22,14
ACC010 344 12,54,53,1,10
ACC029a 61 35,41,47,9,10,42,22,18
ACC029d 128 53
ACC02dc 346 18,8,42,39,26,31,12,36,43,3,10,45,48,5,24,23,46,35
ACC03b4 256 47,35,13,29
ACC0255 337 47,24,48,13,40,11,32,28,14,33,42
ACC0128 17 7,49,34,37,30,43,47,44,35,40,12,8,36,3,45,25,18,15,17,24,28
ACC0377 450 53,4,21,13,44,33,3,28,0,7,43,18,2
ACC018c 430 15,16,29,41,44,11,18,22,19,6,4,43,35,54,30,10,53,33,13,9
ACC0ec 481 47,17,42,21,15,10,40,26,12,11,1,13,16,2,45,5,28,22,41,36,0,4,8,23
ACC01fb 310 2,1,51,12,4,48
ACC01c9 567 54,29,25,8,11,51,6,24,13,3,26,4,49,35,50,43,10,21,18
ACC034f 445 45,30,28,24,5,9,40,6,16,35,46
ACC0338 267 30,3,37,29,49,47,6,9,20,26,28,46,12
ACC0445 411 24
ACC0245 234 10,46,19,42,32,23,4,30,5,1,40,17
ACC0682 405 28,48,29,43,53,15,0,23,54,38,44,24,35,31,37,14,36,34,6,11
ACC0327 191 22,30,40,46,2,3,52,36,4,20,28
ACC059c 363 32,27,35,2
ACC03a5 554 15,6,16,29,27,26,46,51,2,47,3
ACC0609 333 29
ACC0737 173 16,25,1,35,45,6,12,11,5,4,50,37,0,18,22,33,38,42,28,30,43,3,49,52
ACC03d0 15 43,28,31,14,19,37,12,50,52,34,20,23,41
ACC0554 236 49,48,8,42,4,23,9,30
ACC0215 167 26,20,43,9,33,1,12,22,35,18,15,38,21,52,14,2,41,39,3,23,16,8
ACC03e9 61 7,53,14,41,46,1,54
ACC0bc 135 54,16,15,31,45,36,4,47,3,28,25,21,43,5,40,37,49,46,32,9,52
ACC0a8 599 10,36,35,16,25
ACC0297 564 52,41,22,47,54,29,43,14,9
ACC0440 63 3,45,12,38,25,40,9,44,33,26,27,30
ACC07bc 83 17,48,25,21,1,44,36,14,32,33
ACC033b 96 6,3,40,37,13,46,24,26,5,47,17,28
ACC0b5 330 23,34,17,32,31,24,47,38,9,2
ACC055d 572 10,34,14,43,0,18,19,5,40,22,32,41,3,49,31,25,45,48,53,13,21
ACC0be 597 51,47,14,53,33
ACC0104 462 49,12,32,24,34,9,31,52,33,46,39,6,22,35,17,3,23
ACC03d2 378 38,14,8,23,51
ACC01fd 462 0,21,12,9,32,47,50,23,5,48,19,30,17,38,1,31,26,51,42,37,43,16,10
ACC05ae 263 16,29,12,37,21,28,32,54,0,46,26,27
ACC060b 471 35,52,39,31,33,51,40,27,24,9,18,15,23
ACC069b 79 26,48,12,46,36,31,49,27,35,52,23,7,54,13,5
ACC07ad 38 43,26,39,42,16,50,11,12,54,2,5,4,22
ACC02d6 303 27,2,50,54,51,41,20,42,12,11
ACC043c 167 37,17,4,13,15,14,29,7,8,20,47,44,25,30,45
ACC018 472 25,34,51,42,35,48,5,13,7,12,29,8,6,41
ACC03d9 248 23,47,33,17,19,46,4,25,45,20,34,26,14,40,22,39,30,32,42
ACC03ec 13 37,10,25,21,40,13,24,20,15,9,45,53,26,18,4,46
ACC01ee 344 33,24,40,45,23,8,17,26,10,29,52,5,51,15,28,11,35,30,31,41,38,39
ACC03c1 546 27,8,17,2,36,7,13,28,0,6,26,43,11,47,45,32,51,18,54,53
ACC0cc 368 22,20,35,14,3,13,51,21,28,8,45,19,47,44,5,17
ACC065b 245 47,54,49,4,28,11,3,26,25,16,52,42,53,7,31,40,6,15,19
ACC02de 413 49,36,25,1,10,35,42,48,16,46
ACC01cc 94 34,3,37,16,43
ACC01a5 266 25,38,48,37,13,17
ACC059d 234 40,29,7,38
ACC0167 342 15,45,26,27,4,5,48,1,49,24,2,35,31,14,32,18,54,53
ACC0507 393 7,4
ACC0279 588 30,4,14,43,25,31,18,47,52,44,13,22,24,50,8,10,53,17,54
ACC04a0 570 8,42,15,25,54,10,43,13,39,7,53,20,29,14,48,24,41,11,23,16,49
ACC02a 463 11,0,19,10,51,16,30,44,1,25,43,8,42,15,40,22,31,45,20,47,46
ACC05d0 397 49,54,53,20,26,8,25,22,41,7,43,17
ACC03a4 585 44
ACC0497 543 12,48,43,0,37,17,44,27,32
ACC0154 417 19,9,5,45,43,36,25,22,12,18,32,53,6,41,30,2,47,4,49,52,29,14,35,26
ACC0b6 144 3,22,2,43,16,25,31,47,14,30,32,24,28
ACC0715 482 34,7,12,53,11,18,15,41,16,19,23,28,26,9,44,43,36,38,35,4,24,51,22,8
ACC0b9 444 23,37,25,32,36,41,43,50,48,52,0,15,27
ACC053 173 1,47,34,15,41,29,5,13,46,6,12,36,7,23,4,42,51,26,49,17,22,20
ACC01a0 377 18,0,28,22,24,10,15,2,6,3,45,47,1,21,27,19,29,30,4,5,51,12
ACC064 271 20,21,27,25,2,30
ACC012d 253 11,52,17,26,10,53,25,48
ACC0459 564 41,5,40,36,24,50,21,28,2,15,13,10,9,4,46,7,20,0,30,48,31,23,11
ACC02cb 49 9,20,40,14,23,11,31,36,10,28,5,24,16,15,52,47,21,45
ACC0529 54 37
ACC045d 458 27,30,13,47,37,50,7,3,4,34
ACC0335 573 35,53,48,21,50,22,23,36
ACC0146 149 35,54,11,52,4,28,51,53,43,7,21,25,1,38,14,15
ACC064a 391 25,6,52,34,23,0,30,39,47,43,1,7,29,15,31,28,24,50,48,14,51,17,2,45
ACC0758 417 30,10,12,16,53,20,50,15,31,35,21,1,36,2,19,42,3,45,48,18,26,8
ACC06ca 39 1,32,40,45,21,41,5,26,4,19,10,28
ACC027 126 37,1,20,17,39
ACC04e8 386 8,26,39,29,35,47,50,53,43,40
ACC0229 285 7,41,1,49,13,45,27,8,30,32,37,35,19,29,54,20
ACC0124 192 25,12,27,33,39,35,42,13,44,8,21,54,51,34,20,0,49,52,50,47,9
ACC0621 49 23,29,24,39,40,47,46,16,10,43,17,20,4,13,14
ACC0111 337 11,12,46,52,8,22,54,35
ACC018f 19 15,4
ACC04a2 69 13,27,9,50,3,51
ACC0416 239 22,17,35,15,53,13,9,23,42,4,54,36,20,11,27,29,7,38,5,49,10,8,44,21
ACC05ce 107 29,47,21,52
ACC0405 283 53,47,40,8,4,27,12
ACC0406 507 27,11,54,0,35,47,3,8,6,4,19,53,52,39
ACC02af 246 10,50,54,21,0,15,6,16,38,26,48,17,7,13,34,46,28,19,8,22
ACC024b 141 43
ACC0747 130 48,3,29,30,36,44,31,39,52,11,45,5,21,35,20,24
ACC062d 243 45,31,29,27,17,52,37,21,28,54,23,7,0,12,49,46,53
ACC0261 114 39,31,53,24,37,43,9,30
ACC0565 450 47,40,26,0,37,22,38,10,11,19,23,35,15,41,17,27,29,9,54,39
ACC0234 474 39,53
ACC02f5 433 14,8,18,12,11,54,24,4
ACC0355 290 19,10,20
ACC0680 338 39,47,11,22
ACC0600 227 7,13,39,52,44,29,17
ACC0461 3 37
ACC02cc 255 16,11,17,31,47,12,9,41,26,1,35,10,46,6,44,34
ACC019b 112 20,2,12,28,39,38,30,17,6,1,5,22,24,26,33
ACC0170 329 21,14,33,53
ACC0161 142 22,45,40,12,14,19,6,25,7,26
ACC023c 312 37,46,18,5,22,43,9
ACC012 27 16,34,1,54,28,51,49,47,52,36,27,3,4,18,35
ACC0fc 364 34,29,45,46,25,43,48,6,53,37,50,17,13,36
ACC0746 24 36,4,34,13
ACC060f 339 34,35,0,38
ACC0ee 503 22,26,50,28,17,42,46,52,44,12,36,54,25,1
ACC0531 288 33,7,3,43,32,1,20,21,49,6
ACC0638 289 35,2,48,38,39,27,24,16,17,20,26,31,42,0,21,41,29,54,34,4,9,52,44,33
ACC058e 2 9,2,30,7,0
ACC05f3 348 12,47,24,35,44,49,48,40,52,10,15,16,21,2,1,3
ACC06c1 126 33,21,6,18,5,0,44,37,17,46,8,50
ACC011 241 19,40,53,38,23,20,3,25,45,41,29,12,0,52,15,50,33,34,2,39,22,46,27
ACC03fa 57 5,26,0,12,47,13,22,32,27,16,6,43,9,50,7,20,41
ACC0194 464 18,13,47,17,32
ACC02b9 589 52,32,18,19,49,28
ACC0704 198 1,32,20,8,17,10,31,47,54
ACC0d6 363 1,39,10,14,19,9,27,45,8
ACC02ec 457 2,47,9
ACC090 107 18,15,0,25,7,11,50,30,3,42,37,19,10,22,51
ACC05e9 64 9,14,54,29,47,16
ACC0566 442 17,18,0,9,20,26,3,16,30,28,53,45,51,52,12,29,31,8
ACC074a 15 39,54,25,23,53,19,41,14,12,47,16,48,30,37,34,10,6,33,5,29,11
ACC01d5 330 41,16,11,37,15,53,32,5,20,23,21,50,4,19,10,3,8,27,24,25,39,49,48,36
ACC078f 516 53,33
ACC0271 555 3,32,5,54,39,52,31,44,10,19,35,34
ACC02fa 350 20,14,19,0,46,15,47,44,52,42,13,49,51,28
ACC05f0 436 41,40,17,33,15,52,35,8
ACC015b 428 38,31,21,30,44,11,50,1,41
ACC0a3 261 18
ACC0478 279 30,52,27,44,16,46,28,24,53,41
ACC043a 500 11,49,51
ACC0357 252 27,40,34,4,50,22,32,52,1,31,20,7
ACC04da 105 31,14,16,45,49,42,24,29,48,11,21,43
ACC0480 54 23,32,44,48,1,18,37,13,12,50,22,8,16,31,26
ACC016d 189 39,35,9,8
ACC06c7 450 11,2,18,40,21,48,7,10,4,14,53
ACC0729 16 10,32,15,43,5
ACC0464 203 48,49,42,37,31,8,12
ACC0378 336 41,17,4,1,26,23
ACC0316 327 15
ACC03e5 213 25,12,20,24,13,29,28,5,2,43,10,3,41,31,39,1,33,50
ACC0e9 98 11,36,44,3,23,31,15,4,0,53,35,17,9,46,54,22
ACC0101 517 43,0,10,6
ACC0348 549 20,8,16
ACC01d2 594 47,28,25,54,18,12,33,50,51,44,48,24,26,19,31,3,8,10,22
ACC06d2 582 37,5,44,30,16,24,14,22
ACC0603 166 33,20,36,52,29,7,51,21,34,30,1,31,17,14,53,22,38,6,50,8,39,49,27,13
ACC0414 76 32,50,30,19,8
ACC0400 3 43,34,45,22,3,48
ACC0313 116 41,44,40,20,3,49,6,30,46,43,27,37
ACC023a 68 34,45,43,42,9,19,20,30,48,22,41,46
ACC021f 531 26,51,12,44,34,6,46,3,40,24,23,20,49
ACC05f9 227 27,42,37,20,23,47
ACC0629 374 10,48,9,41,40,24,6,43,33,7,19,1,38,14,35,34,5,29,42,45,39,31,15,36
ACC06cd 541 26,43,23,46,36,28,47,52,39,15,1,49,21,4,10,19,18
ACC021c 472 44,9,37,5,24,34,28,35,22,6,29
ACC04f6 111 16,48,38,1,10,30,32,34,23,9,14,13,24,54,28,26,27,43,4,21,0,42
ACC03ee 155 32,18,45,4,0,2,19,17,51,27,41,21,34,11,28,33,8,38,47,15,36
ACC04c6 556 37,40,16,27,13,54,2,20,38,46,53,19,12,4,42,48,14,18,21,8,1,22,32,29
ACC064f 287 41,52,15,0,26,11,18,8,13,37,46,51,27,22,39,47,23,31,35,42,16,48,54
ACC038e 397 24,12,22,4,33,46,51,17,34,14,53,9,10,47,8
ACC0616 19 39,43,45,33,14,53,37,54,1,20,3,13,31,15,21,16
ACC05cb 179 39,22,5,37,9,38,51,17,28,53,52,45,47,4,25,3,50
ACC062c 34 8,40,33,7
ACC0798 451 14,25,46,30,15,0,36,40,26,43,6,1,42,16,28,23,38,50,27,13,8,52,48,32
ACC03e 131 47,19,16,3,9,32,29,28,52,14,33,8,17,0,40,45,20,31,12,53,24,30,37,27
ACC059e 192 2,10,44,28,9,32,42,41,4,3,38,39,27,35
ACC01ae 503 50,42,11,35,32,12,13,6,1,37,33,25,27,2,44,30,52,8,39,22,17,23,9
ACC027c 91 38,40,32,4,16,29,15,47,3,37,21,19,0,48,42,52,9,39,23,51,33,12,24
ACC070f 53 23,47,25,10,17,0,11,36,6,16,14,43,39
ACC06d1 588 17,11,35,53,51,15,52,9,42,1,39,16,28,44
ACC03a8 452 37,18,34,52,0
ACC048b 221 52,16,43,25,51
ACC06eb 533 24,54,49,16,18
ACC05d8 567 48,14,44,10,37,12,1,47,27,18,52,26,36,40,7,6,13,32,31,25,43
ACC010f 334 29,12,38,48,15,18,36,39
ACC06d5 208 26,19,32,17,3,39,5
ACC0494 311 0,52,19,3,48,26,15,1,46,22,45,27,12,40,54,39,41,28,43,38,17,42,32
ACC071c 406 12,15,52,24,42,21,1,14,10
ACC045a 218 1,37,54,11,3,2,29,31,52
ACC070b 477 44,45,7,39,3,49,26,22,41
ACC054d 98 50,41,16,4,49,40,32
ACC05f2 217 27,54,31,42,30,20,3,15,10,48,29,53,5,13,50,2
ACC02ab 78 51,40,15,6,28,36,16,33,1,9,14,43,37,5,11,4,31,22,32,44
ACC0149 271 48,20,37,22,26,49,28,18,14,41,10,53,7,16,17,47,52,15,33,0,39,38
ACC0304 330 1,23,43,30,37,10
ACC06ae 274 32,46,50
ACC04a6 218 49,32,8,12,2,44,4,50,13,43
ACC0264 25 35,17,42,37,30,24,12,1,44,0,26,34,13,31,52,15,53,22,10
ACC0794 469 11,46,16,10,27,7,38,14,43,5
ACC0630 86 51,34
ACC0771 192 23,20,8,25,40,27,49,42,41,48,2,47,53,18,35,39,15,14,21,9,0,34
ACC06b6 37 39,20,2,9,29,14,50,46,51,7,0,42,33,21,18,8
ACC0392 93 18,31,36,44,12,32,10,52,43,50,39,30,54,21,23,35,28,7,45,6,38,16
ACC07a2 439 25,22,19,18,41,49,6,52,5
ACC0765 444 45,39,21,32,41,15,43,17,11,49,18,36,20,8,52
ACC063d 71 37,18,42,38,15,45,39,29,32,22,35,33,40,11,21,16,41,44,10,13,36,30,20,28
ACC036b 187 6,21,49,41,31,39,0,45,22,7,50,40,10
ACC055e 214 15,46,43,34,33,2,50,42,47,7,24,29,19,14,44,53
ACC0668 420 23,4,54,12,0,2,52,6,46,19,3,26,36,48,50,13,9
ACC0dd 173 49,38,39,43,45,42,19,15,0,6,22,24,4,2,40,14,20,44,36,52,53,30,33
ACC03a1 470 11,41,42,23,53,9
ACC046b 543 0,15,11,32,18,8,31,9,3,41,45,50,34,4,49,37,5,12,7,22
ACC0412 110 22,15,3,47,0,1,26,44,48,24,37,49,23,32,42,43,11,19
ACC0467 489 1,20,5,19,26,21,48,22,42,50,49,53
ACC0466 357 46,9
ACC05c7 418 44,30
ACC0cf 268 16,32,44,4,45,33,51,24,41,19
ACC0a5 344 31,52,53,7,36,34,11,2,30,5,20,3,48,14,41
ACC0724 304 34,23,21,54,19,17,18,28,48,47,10,41,33,40,29,27,11,42,53,13
ACC0455 484 34,31,1,4,43,23,5,38,41,10,25,36,12,0,22,14,20,17,50,15,8
ACC0b2 162 33,37,43,13,53
ACC02 246 11,17,29,14,15,31,9,54,51,2,7,1
ACC05d9 303 13,5,53,19,3,34,41,4,16,42,28
ACC01be 324 38,50,5,6,36,23,32,53,54,17,33,41,18,9,30
ACC03db 326 38,36,16,3,34,15,7,18,28,4,47,1,5,49,33,27,10,41,54,11,43,13
ACC0213 325 26,22,45,34
ACC081 186 10,49
ACC0321 453 26,48,18,32,44,14,37,13,51,9,20,3
ACC07af 236 38,47,11,41,28,9,2,20,0,29
ACC06e7 388 3,16
ACC0352 179 49,1,24,7,42,8,32,23,34,28
ACC04b9 195 10,34,45,48,14,49,0,42,52,9,54,50,25,16,24,39,23,4,41,11,43
ACC04cf 84 6,49,8,12,46,11,54,37,13,22,50,42,27,45,18,38,52,53
ACC02eb 175 43,23,33,34,18,20,37
ACC01cb 56 0,36,26
ACC0155 167 0,27,13,34,16,39,36,41,48,2,40,52,10,47,15,45,33
ACC06b1 509 37,19,22,11,51,14,3,24
ACC0721 451 25,17,1,2,8,13,18,26,24,32,47,37,5,50
ACC02e4 233 38,25,11,29,46,18,35,22,40,13
ACC098 98 32,46,28,44
ACC0162 557 34,38,47,53,12,45,31,50,25,11,8,54,2,23,22,40,21,15,17,14,13,19,29
ACC01d6 392 52,23,18,38,9,7,2,34,5,35
ACC03c8 547 49,5,9,54,21,38,34,15,53,51,10,17,23,48,41,24,8,32,30,12,52
ACC060a 204 14,22,10,50,31,20,42,30,18,45,1,17,44,52,13,48
ACC06fd 493 31,27
ACC0622 214 13,51,6,25,1,24,11,4,9,34,44,50,30,14,31,33,47,0,17,21,18,45,43
ACC04c3 556 11,47,36,24
ACC02bc 48 16,13,9,41,38,53,40,1,34,15,25,49,22,6,14,10,50,20,36,3,54,23,39,32
ACC015 423 5,37,24,46,38,53,19,41,26,9,8,15,33,12,27,13,25,4,40,28,32,36,0
ACC0369 407 27,13,54,48,22,51,29,25,12,38,6,52,7
ACC077d 203 12,10,34
ACC060e 239 0,47,53,41,35,43,15,16,23,11,39,46,31,30,34,18,5,27,49,21
ACC0de 503 42,45,23,39,50,32,48,22,26,9,6,19,17,43,12,35,33
ACC034 325 20,21,36,3,13,52,50,14,9,0,27,24,23
ACC0475 249 49,41,26,9,37,36,11,7,47,1,13,15,24,30,21,14,42,53,52,0,17
ACC0605 239 7,10,54,14,34,48,28,50,17,4,32,44,38,19,24,29,47,27,15,22,21,52,45,41
ACC0f9 486 28,37,31,32,48,19,5,33,50,39,44,43,38,54,20,46,10,3,18,2,1
ACC0486 248 46,24,14,4,16
ACC06c 445 33,6,11,20,16,15,47,37,36,39
ACC04f0 120 17,9,1,8,28,35,46,37,13,48,7,43,15,30,32
ACC0643 537 25,46,38,24,48,22,18,16,37,36,3,32,45,7,15,54,17
ACC0572 257 0,54,52,45,39,11,2,13,44
ACC0534 354 32,0,20,38,47,14,37,42,4,49,17,18,26,50,11,52,28,51,41,2,21,44,24,33
ACC0549 262 29,2,21,36,34,33,30,47,24,26,42,39
ACC03ab 399 22,25,17,35,27,36,42,37,10
ACC083 46 8,17,40,49,15,53
ACC064b 466 23,15,31
ACC0496 354 12,49,4,13,26
ACC03b8 12 10,25,37,12,36,49,24,18,42,9,22,13,27,43,16,32,44,8
ACC0191 203 18,51,21,20,48,14,16,6,34
ACC06e3 22 52,11,13,50,5,33,1,24,31,36,49,17,10,2,30,8,44,43,32,40
ACC05d6 392 3,0,51,14,2,49,36,31,47,12,29,24,18,8,43,33,19
ACC064e 472 20,31,30,53
ACC0f0 502 36,0,53,26,4,12
ACC073 397 53,43,19,11,31,0,1,29,14,13,38,49,20,7,18,4,22,45,25,10,52,26
ACC07ae 232 3,31,10,43,45,49
ACC0595 117 23,45,7,46,31,50,28,39,38,22,25,37,41,3,29,13,0,51,4,24
ACC079e 549 38,24,37,9,43,30,53,10,23,8,15,31,49,5,2,18
ACC0390 482 0,50,33,10,23,27,51,39,4,17,25,30,35,2
ACC0207 192 45,27,2,35,37,41,30,5,53,13,12,26,1,49,19,43,29
ACC063 550 10,20
ACC01ce 173 1,16,39,4,18,8,14,38,41,19,7,12,42
ACC05f 241 54,8,3,44,36,21,23,16,12,48,15,40,27,51,38,24,41,19,0
ACC020f 124 13,44
ACC0652 246 43,44,8,24,39,7,9,27,31,3,47,17,2,52,35,53,29
ACC03df 400 13,43,53,20,29,41,54,23,39
ACC033e 536 35,8,1,42,28,9,0,4,36,24,21,33,16,26,45,48,32,25,49
ACC01fc 134 35,10
ACC06cc 188 52,10,49,12,43,22,39,16,30,26,34,21
ACC067 27 34,16,10,32,1,29,30,11,25,19,51,33
ACC0451 586 53,32,46,43,14,44,19,36,33,42,50,51,38,37,12,26,1
ACC0570 572 44,54,37,18,10,1
ACC02a1 131 5,39,11,12,38,1,8,44,49,17,22,24,4,26,28,45,50,2,3
ACC0635 43 34,17,47,21,14
ACC025f 495 3,33,48,7,19,46,14,17,53,54,4,1,45,16,12,42,31,25,22,44,13,21,11
ACC05c4 408 36,38,40,33,3,43,32,9,21,23,50,12,54,42,41,0,15,7
ACC028e 507 51,42,52,5,19,25,54,35,21,47,30,36,2,39,26,14,11,48,34,31,9
ACC07a5 24 23,10,20,28,46,47,25
ACC0542 248 0,45,4,29,10,46,12,49,43,5,22,30,16,50,44,37,41
ACC0193 394 40,48
ACC0206 194 9
ACC02da 325 23,39,5,30,53,54,42,15,10,16,36,7,32,3,4,24
ACC0768 82 28,49,38,10,4,15,19,32
ACC024d 326 3,40,38,25,41,53,52,34
ACC0743 136 49,6,35,54,30
ACC029b 511 28,14,21,24,54,6,9
ACC0775 186 27,37,20,15,43,50,3,8,17,21,28,26
ACC0645 414 44,27,19,18,17,10,41,0,48,3,39,50,40,30,25,45,52,4,7,35,38
ACC042f 213 9,5,14
ACC0af 100 4,5,47,48,36,54,31,41,30,40,52,1,20,16,19,18,29
ACC0474 107 28
ACC0518 33 37,12,29,28,35,27,42,49,24,32,31,9
ACC0137 52 2,6,51,36,34,0,5,31,48,49,44,40,9,47,38,19,23
ACC032b 252 9,50,43,19,51,23,31,32,15,5,18,6,14,46,2,8,45
ACC05be 577 36,54,53,19,12,33,26,15,41,47,48,50,7,17,22,52,9,2,45,46,51,44
ACC021d 7 52,4,30,17,29,21,50,38,15,18,40,45,46,9,47,44,13,11,37,23,35,2,25
ACC0631 249 46,39,1,28,19,21,23,30,31,7,27,32,9,12,25,18,5,37,47,38
ACC040e 426 3,1,29,17,26,33,12,46,14,27,42,39,16,13,20
ACC012c 329 41,54,44,29,17,52,26,14,39,53,0,50
ACC04f4 246 54,33,39,4,28,11,16,23,51,36,47,8,21,45,2,35,27,1
ACC0387 595 12,5,41
ACC05f1 293 51,50,35,15,33,23,9,41,6,2,49,11,4,8,28
ACC01c0 36 19,51,18
ACC043e 466 49,24,44,9,2,38,41,52,17,31,42,36,45,26,35,0,20,29,33,6,5,51,4
ACC088 563 49,21,33,16
ACC051d 60 29,48,34,13,54,27,24,36,21,14,6
ACC063f 199 29,15,36,27,23,53,40,43,37,11,12,49,18,0,41,20,31
ACC017f 179 11
ACC034e 231 54,50,29,38
ACC045 383 39,54,27,28,44,24
ACC0489 181 24,51,29,7,9,32,26,48
ACC0417 415 19,28,12,17,27,35,30,14,38,3,26,1,42,16,0,25,10,39,5
ACC06f1 20 41,14
ACC04fd 116 53,5,22,21,42,12,35,54,23,11,41
ACC0131 107 38,21,26,51,35,54
ACC02b1 477 44,5
ACC05a4 103 54,3,8,26,52,25,4,23,36,5,49,39,6,42,30,27
ACC0108 77 49,5,51,21,38,9,10,7,19,36,46,16,1,33,52,11,37,54
ACC07a6 115 18,47,8,28,16,9,37,1,22,48,53,21,52,7,27,13,23,35,26,10,41,43,15,11
ACC0664 50 51,23,41,44,19,4,13,50,43,28,46,37,45,6,8,54,3,24,11,17,9
ACC0303 207 46,25,45,44,31,16,11,13,43,34,32,24,8,17,30,52,4,50,22
ACC030b 92 41,16,20,47,15,46,34,17,3
ACC05db 468 33,32,16,3,37,2,49,54,23,10,35,7,40,45,15,53,44,5,47,8,13,17,41,51
ACC0661 45 3,53
ACC0115 173 24,32,33,43,2,38,7,46,37,48,19,47,1,3,0,23,16,9,42,51,15
ACC040b 236 47,26,39,22,29,35,49,27
ACC01dc 116 11,30
ACC03c7 585 34,47
ACC05a1 497 54,15,8,19,26,44,18,33,23,9,24,38,45,10,27,13,43,40,51,34,53
ACC0119 295 40,29,50,30,39,48,3,42,15
ACC01a6 589 32,7,36,38,47,11,53,4,45,9,44,42,13,10,28,40,20,25,18,41,52,31,6,3
ACC05bb 475 42,6,49,33,1,21,26,10,27,36,8,29,23,34,30
ACC0e4 72 33,41,29,34,18,25,47,54,28,26
ACC0611 194 5,2
ACC0785 459 33,12,41,24,46,25,22
ACC06c3 373 30,54,53,23,41,36,2,9,15,37,3,47,42,8,29,46,10,22,16,0,35
ACC063e 24 53,43,11,20,6,14,4,0,19,36,33,48,29,15,39,23,21,13,47
ACC0671 596 51,49,50,9,16,19,35,3,33,8,26,32,37,47,38,20,31,1,10,45
ACC07b7 121 21
ACC075d 41 41
ACC071e 236 44,42,17,47,51,46,13,48,34,38,14,24,27
ACC023 566 15,38,40,48,32,14,10,13,31,52,49,9,46,5,24,39,51,8,25,50,23
ACC056f 586 13
ACC04a7 271 46,22,24,19,2,28,8,42,52,33,53,9,3,48,36,7,51
ACC04c5 562 36
ACC0742 375 20,8,41,48,1,45,14,7,13,40,26,25,39,23,12,4,11,29
ACC01c4 376 47,5,34,28,18,46,0,25,14,32,40,23
ACC0482 201 9,16,21,17
ACC0188 273 54,53,37,40,1,25,45,30,31,38,14,23,24,11,12,47,22,36,41
ACC0226 489 51,31,23,17,47,30,26
ACC066c 313 8,31,44,14
ACC04 435 5,35,7,37,46,0,12,27,10,49,16,22,36,48,20,25,32,31
ACC04e1 73 9,43,18,33,12,19,53,52,3,40,45,6,16,8,22,14,25,38
ACC06ee 197 5,12,51,27,11,48,15,19,53,4,26
ACC045c 132 20,27,40,26,43,49,12,54,28,14,11,2,30,8,3
ACC04f2 563 41,7,44
ACC0360 10 5,25,9,17,30,35,47,46,0,48,33,49,18,31,41,32,6
ACC06ed 99 0,18,33,15,47,8,39,29,50,54,34,20
ACC0189 132 48,24,1,32,37,6,9,15,28,33,53
ACC039f 336 9,10,3,20,32,7,48,54,28,47,5,42,15,4,43,22,46
ACC0717 514 9,40,4,19,5,29,24,54,37
ACC0587 439 26,48,49,15,22,21,40,44,46,9,38,30
ACC0318 538 4,49,5,45,24,47,28,6,26,2,12,13,22,39,37,43,11,52,38,44,1,8,33
ACC0702 191 18,15
ACC0b 538 8,17,1,43,50,48,39,27,19,26,45,7,12,31,34,37,6,15,13,16,5
ACC060c 251 42,6,9,8,3,23,24,44,4,38,54
ACC022a 183 39,36,47,8,51,15,0,5,7
ACC049b 406 14,48,25,24,23,29,40
ACC07c4 365 46
ACC0488 85 26,33,1,52,45,48,39,18,36,22,3,13,7,46
ACC05ee 348 4,48,37,8,31,30,22,10,51,5,44,7,14,1,20,23,9,41
ACC033f 61 26,40,15,29,36,3,53
ACC07bd 543 9,45,35,2,31,27,0,22,16,41,36,52
ACC013c 590 5,6,15,38,8,13,7,44,30,3,19,34,10,22,39,32
ACC04e4 384 19,38,41,42,24,8,28,33,22,52,18
ACC07d 163 31,34,46,37,10,18,5,26,15,7,47,51,20,40,24,2,50,19,32,17,9
ACC06a7 259 52,38,41,51,32
ACC0204 29 0,47,41,17,3,39,46,35,37,50,52,6,26,53
ACC0492 287 40,7,53,42,48,3,31
ACC01f8 397 45,35,6,10,50
ACC033a 317 15,29,6,19,21,34,25,52,50,20,23,30,36,31,48,27,1,10,43,16,28,8
ACC0763 415 19,1,36,41,28,11
ACC0707 341 0,43,39,13,27,2,29,12,48,49,51,9,25,3,40,54,21,26,37
ACC03a6 426 3,1,25,38,39,27,49,33,29,6,18,41,28,31,19,37,40,2,15
ACC01b9 576 15,52,39,49,51,21,2,44,19,0,30,17,13,41,16,54,26,48
ACC0180 280 28,11
ACC025a 102 28,27,29,43,14,50,51,18,34,17
ACC08d 399 39,5,37,20,19,31,28
ACC01b7 165 31,50,39,11,0,25,48,36,44,19,49,23
ACC0311 129 7,28,8,27,0,32
ACC07aa 130 46
ACC020a 28 34,48,6,9,22,17,13,19,10,50,39,25
ACC070c 484 52,8,1,18,0,31,7,22,10,26,13,30,5,48,37,23,9,43,40,2,47
ACC0f5 520 4
ACC09a 76 0,6,40,50,19,49,48,3,28
ACC0c8 220 46,13,38,23,15,48,10,42,54,45,12,0,16,21,33,17,32,30,34,7
ACC02ef 259 25,16,7,50,9,35,45,3,54,6,18
ACC041b 378 0,48,20,27,42,7,1,52,21,38,3
ACC05a 92 34,33,28,32,50,21,4,9,53,26,2,16,15
ACC065a 461 26,53,28,12,22,8,9,44,27,45,2,5,52,7,33,48,23,54
ACC05ab 217 9,34,5,23,41,2,46,18,50,38,32
ACC0539 326 14,11,4,32,13,22,26,17,3,40,51,36,44
ACC046a 58 47,11,18,22,7,21,42,23,20,12,9,52,27,17,43,25,41,0
ACC02d1 539 12,35,38,23,1,37,31,6,26,47,40
ACC02ba 269 40,9,27
ACC076e 425 42,52,29,17,49,46,27,51,48,20,16,23,33,50,28,6
ACC0644 397 44,29,48,50,35,54,47,2,3,1,16,18,24,27
ACC01b6 522 14,41,42,3,1
ACC0fd 103 28,33,6,7,27,14,50
ACC077b 224 40,39,22,51,16,45,30,1,44,29,48,28,12
ACC0604 471 39,8,3,30,5,2,32,29,1,48,13,19,12,15,50,36,18,6,38,16,10,14
ACC04d4 199 51,39,16,7,17,13,3,50,22,12
ACC0757 589 30,10
ACC076f 404 39,45,34,44,7
ACC04b 324 42,20,30,28,16,21,19,47,22,25,27,50,54,45
ACC0291 408 49,45,32,28,39,29
ACC061c 96 53,28,42,43,2,25,47,37,41,49,9,1,38
ACC026e 314 14,49,31,38,46,32,39,33,1,29,3,11,2,23,6
ACC0c1 286 5,7,49,31,12,23,36
ACC0434 152 46,37,10,49,3,18,17,21,36,12,20
ACC0237 101 53,32,23,11,12,45,20,50,54,2,6,10,29,14,37,51,22,36,52,42,18
ACC05a2 202 0,19,34,27,46,41,45,32,18,52,23,39,35,42,8
ACC0159 54 25,13,9,4,39,54,17
ACC06d 294 18,32,41,34,46
ACC05a9 477 24,1
ACC04bf 35 6,28,50,23,44,13,48,1,9,21,34,46,37,15,22,26,39
ACC0790 12 19,11,14,3,21,8,31,12,39,38,54,1,29,51,2,25,42,23,52,48,43,30
ACC0588 368 4,17,44,31,27,21,52,25,30,7,32,23,2,29,39,33
ACC0324 386 5,24,17,40,2,37,22,21,53,41,19,18,10
ACC0198 457 21,25,24,27,8,15,54,18,14,7,36,37,20,29,32,42,30,35,44,28,26
ACC0118 134 47,38,43,19,18,22,39,42,33,10,3,29,41
ACC0218 271 21,51,42,30,37,47,24,41,2,19
ACC0282 584 0,46,8,21,54,22,40,24,48,38,35,19,7,4,23,34,31,1,36,51,5
ACC0185 413 38,14,50,21,17,32,42,20
ACC0350 13 3,45,21,15,30,10,20,38,17,12,29,18,19,6,0,31
ACC032d 496 29,34,14,19,49,52,24,45,0,33,9,15,43,7,28,13,48,16
ACC0581 115 19,21,11,33,24,36,4,9,14,41,23,3,15
ACC04d7 82 30,7,5,23
ACC025c 43 4
ACC06b0 376 46,50,6,44,51,19,15
ACC0685 514 19,39,25,33,28,27,9,23,21,47,0,20,34
ACC0d9 290 45,40,49,42
ACC03f5 360 32,37,13
ACC010a 24 51,24,34,52,41,30,42,28,13,33,2
ACC027b 456 16,9,28,48,50,21,19,3,26,5,25,34,31,30,13,49,41,8,36,7,51,33
ACC0527 8 37,50,36,8,15,16,25,43,39,26,0,6,31,4,14,2,11,33,54
ACC0593 559 22,46,44,3,5,16,11,17
ACC06e 466 47,24,26,3,17,9,5,27
ACC01f3 86 49,51
ACC0779 558 33,13,41,35,8,18,17,38,21,44,25,1,15,26
ACC012b 347 44,23,18,46,10,4,35,47,17,24,7,48
ACC0339 117 36,27,30,33,37,6,53,21,50,9,46,4,1,39,51,54
ACC051a 427 45,22,16,34,40,12,23,29,31,27,39,33,17,49,53,19,18,26,8
ACC03b3 172 41,18,23,33,12,34,7,3,37
ACC0740 114 0,10,45,4,16,32,13,19
ACC077f 71 3,31,33,20,49,34,36,15,1,51
ACC05ba 319 26,49,36,45,16,53
ACC03b 556 47,33,26,2,54,4,17,46,39,15,9,12,22,16,35
ACC0612 138 38,43,18,40,21,11,48,37,5,34,26
ACC0e2 230 39,36,4,53,30,6,15,41,22,54,3,47,26,5,32,12,11,8,43,14,31,0
ACC0195 178 19,23,14,42,37,3,8,7,48,18,28,38,39,43,50,47,12,31,54,17,1,5,29,16
ACC0298 544 54,50
ACC029f 189 5,20,0,43,1,51,52,31,7
ACC0722 531 42,52,3,0,51,1,39,37,25,12,17,13,33,43,41,40,5,4
ACC015f 174 32,37,31,10,40,11,53,23,42,50,47,13,28,2,52,21
ACC05aa 89 0,21,10,52,16,28,27,4,6,49,48,14,30,25,18,32,50,24,1,3,5,2,13,47
ACC0750 185 38,35,42,24,6,52,45,46,2,8,26,41,4,22,27,29
ACC03eb 243 22,0,53
ACC0613 15 51,23,31,44,1,41,0,49,5,18,10,13,3,33,48,47
ACC0176 403 14,41,49,25
ACC074d 408 26,51,29,20,6,43,40,23,44,25,48,35,17,27,12,10,24,36,53,4,13,54,46,21
ACC06e5 581 30,28,3,34,54
ACC0169 534 34,38
ACC0106 340 6,17
ACC075b 560 45,34,4,14,52,17,1,10,23,3,46,12,35,33,44,11
ACC0569 485 34,53,48,7,36,45,19,17,11,42
ACC0528 79 44,1,2,7,21,27,45,20,19,40,23,3,42,9
ACC0615 245 17,32,12,46,8,37,21,16,34,38,43,5,27,19,0,41,53,48,39,54,51,47,2,40
ACC01ba 442 4,33,38,21,3,22,43,42,13,41
ACC0236 169 49,8,45,38,44,35,37,41,19,2,25
ACC066b 86 10,37,54,11,31,38,44,53,40,43,18,27,14,25,1
ACC0244 111 15,51,33,22,42,52,54,0,39,50,18,46,25,24,5,40,28,13,31,45,20
ACC027d 54 36
ACC04f 545 19,2,38,7,16,6,51,44,18,47,22,9,23,46,17,35,11,54,8,33
ACC02d2 283 3,6,4,22,17,18,32,38,24,23,31,20,42,44,41,26,47
ACC0428 494 7,38,14,54,37,23,24
ACC07c0 288 31,4,44,28,37
ACC02b2 291 15,48,2,25,33,52,1,13,31,51,54,12,27,0,3,4,34,29,16,28,32,5
ACC078d 345 34,15,27,54,12,51,24,4,52,31,22,7,13,41,28,6,9,2
ACC01bc 471 3,35,54,16,34,45,19,27,10,39,8,51,33,0,50,32,2,22,43,14
ACC044e 160 2,8,7,46,44,32,10,16
ACC05b 37 45,3,38,41,4,50,10,11,6,53,0,44,47
ACC04fc 120 48,38,53,17
ACC058a 205 6,18,33
ACC05ff 353 0,2,8,33,22,49,27,29,32,19,12,17,3,41
ACC032f 174 27,19,42,15,39,46,45,6,2,33,34,11,10,48,44,41,35
ACC02b 312 29,41,12,5,34,3,19,4,51,6,2,16,7,52,9,48,39,54,15,0,23,33,11
ACC074f 493 4,21,33,24,45,16,7,35,18,34,43,38,3,40,37,8,32,0,26,28
ACC066e 382 27,54,3,45,14,1,19,40,52,50,12,31,53,42,17
ACC014c 89 10,11,15,19,3,8,26,16,51,50,54,40,36,42,25,4,23,47,44,7,13,14,6,1
ACC04cb 209 46,33,2,22,36,20,43,4,31,28
ACC035 8 49,37,1,10,6,39,26
ACC047b 244 35,25,3,53,48,33,24,51,31,6,9,54,11,20,50,32,7,43,16,18,4,26,36,1
ACC04c 227 52,4,32,16,42,26,54,19,36
ACC09f 209 5,8,6,25,40,15,7,10
ACC0276 565 12,28,30,44,49
ACC0da 5 35
ACC02c3 291 17,48,22,21,36,10,4,18,3,44,15,52
ACC0288 433 54,4,17,3,6,2,51,32,44,30,12,15,39,26,37,43,21,50,41,5,0,19,48,1
ACC0270 581 25,12,29,21,15,6
ACC046f 176 38,45,8,2,4,7,32,46,29,20
ACC01bf 355 44,12,33,13,47,17,23,0,35,52,9,8
ACC0654 568 48,2,19,13,11,51,5,29,4,28,31,39,43,3,37,46,52,47,8
ACC028d 217 14,8,16,3,25,44,52,37,54,33,30,1,4,18,21,29,28,5,47,24,39
ACC04c9 531 48,2,18,8,45,14,11,49,27,37,23,34,46
ACC0330 334 48,34,52,9,22,16,17,51,15,8,21,2,36,12,27
ACC02bb 356 21,49,53,15,40,7,31,42,6,54
ACC02ff 289 16,11,15,1,27,25,21,45,10,28,52,8,4,41,12,18,36,5,17,38,46,48,33,3
ACC018e 243 47,43,28,15,41,49,23,6,11,42,18,2
ACC011a 370 2,40,39,21,30,23,50,8,25,29,9,15,47,54,3,35,13,6,36,43,46,12
ACC05e4 428 38,13,49,15,20,4,54,9,51,5,37
ACC02ce 109 36,41
ACC06d4 209 18,12,43,21,44,10
ACC0441 28 21,13
ACC0453 292 15,29,47,48,23
ACC0780 491 47,45,35,6,36,5,46,52,27,12,28,2,3
ACC055 505 50,17,23,28,45,48,9,49,1,18
ACC05a0 447 29,4,5,13,41
ACC0508 260 20,25,54,33,5,3,0,26,6,8,48,37,15,27,38,50,32,44,36
ACC017 297 52
ACC0301 445 20,6,36,15,44,24,23,13,29,5,4,9,49,28,16,45,38,26
ACC0184 375 38,29,42,5
ACC016 183 24,6,16,9,23,0,42,17,27,38,53,46,31
ACC024f 206 14,18,44,9,29,50,54,37,13,48,7,35,52,2,33,32,25,40
ACC0346 117 20,17,27,45,6,1,25,37,42,48,30,50,26,15,44,35,46,38,0
ACC0225 27 39,41,17,2,49,3,14,38,18,45,43,21,37,51,13,0,15,10,8,28,1,34,27,24
ACC03f9 148 11,48,21,5,10,24,37,20
ACC05ca 151 18,1,21,7,28,34,23,31,42,47
ACC013e 422 7,17,49,3,34,11,40,25
ACC0240 116 42,30,50,36,13,31,5,33,35,38,37,48,1,0,18,25,7,21
ACC01f1 598 14,49,50,26,42,0,18,39,7,33,29
ACC0585 79 43,53,10,23,18,26,14,17,4,19,7,11,5,13
ACC0179 288 34,35,27,2,41,18,21,43,14,5,40,51,11
ACC03f3 578 36,33
ACC050 133 28,10,19
ACC0200 46 40,42,18,25,2,36,33,12,44,32,20,26
ACC042e 354 26,36,52,11,28,35,24,18,1,23,16,43,38,40,5,9,29,30,20
ACC034d 171 15,43,34,32,25,1,3,27,7,16,6,0,53,50,2,28,45,30,47
ACC01c7 562 0,44,3,52,7,18,47,38,15,25,20,8,41,45
ACC06ba 400 49,41,29,6,35,37,27,25,20,0,50,42,18,24,11,32,34,21
ACC0749 452 43,3,2,50,10,0,34,27,48,21
ACC02e8 97 36,34,1,31,13
ACC041 512 30,52,36,46,23,31,49,9,48,44,27,7
ACC019f 75 35,53,50,13,10,36,0,27,26,49,45,8,29,44,33,31,51,30
ACC03fb 473 28,30,22,7,33,40,14,25,50,41,34
ACC0294 193 44,20,8,2
ACC0ea 177 51,49,20,13,7,40,6,34,33,23
ACC09e 365 48,19,43,39,15,53,17,14,54,45,13,33,35,30,34,26,18,4,10
ACC07cd 240 54,32,20,28,26,38
ACC030f 201 6,11,31,44,23,1,43,20,41,22,29,21,30,35,12,7,26,49,48,28
ACC01 323 38,18,42,43,45,37,24,11,54,12,6,5,3,14,10,40,4,2,27,39,13,44,28,41
ACC05c8 160 11,44,41,16,51,17,7,2,10,5,3
ACC028 208 52,31,23,6,17
ACC05f5 10 36,24,35,10,38,1,12,4,31,0,33,2,15,26
ACC07ce 567 21,24,28,25,29,30,4,46,38,31,8,14,17,37,18,15,16,40,42
ACC01bb 599 31,12,17
ACC057 473 13,52,53,41,16,11,24,32,25,37,23,51,1,49,33,2,7,0,42,48,20,34
ACC0217 124 37,48,39,22
ACC026d 165 12,40,9,51,47,11,54,53,1,13,36,28,44,49,15,50,2,27,8,37,30,35,18
ACC0129 411 8,36,52,5,28,50,1,30,25,47,49,6,34,24,11,20,7,23,14,9,46,19,38
ACC013 359 25,18,29,20,31,21,39,23,17,24,35,32,2,51,5,49,19,42,26,12,30,15,46
ACC012a 373 40,49,37
ACC0776 378 1,17,12,18,44,26,14,24,0,47,48,21,34,31,10
ACC0361 483 52,53,25,34,43,12,1,49,21,23,14,10,3,50,47,24,15,9,35,4,45,44,6
ACC0484 496 1,6,5,32,44,3,47,41,9,11,34,10,38,8,30,27
ACC0395 551 32,44,21,22,52,6,12,14,13,48,47,2,35,17,28,7,11,43,20,26
ACC0516 374 8,42,21,5,4,48,49,0,27,31,41,9,28,52,26,23,24,6,18
ACC02bf 66 7,16,21,34
ACC0e5 486 9,15,25,7,12,8,6,22,52,21,37
ACC050c 500 29,45
ACC05c2 593 35,24,32,37,13,12,26,29,5,33
ACC079a 272 0,20,19,44,45,8,36,52,31,47,46,14,54,6,50,9,26,24,10,15,3,23,4
ACC04ea 2 27,43,9,19,31,33,12,24,8
ACC042d 172 43,52,14,10,20,32,44,37
ACC03f0 380 51,24,16,44,5
ACC0523 269 22,28
ACC02fe 99 39,2,44,21,31,42,50,28,34,45,40,52,36,37,29,10,1,12,51,15,6
ACC0175 556 25,29
ACC0686 388 35,13,36,16,4
ACC070 401 37,35,4,2,43
ACC0354 573 33,9,1,10
ACC067c 591 10,44,33,23,5,38,37,0,7,3,42,13,39,30,45,52,28,21,6,29,47,14
ACC0578 420 49,25,31,38,39,0,30,6,22,33,41,24,16
ACC01c8 311 35,39,40,41,12,16,14,11,13,30,8,33,51,1,32
ACC03e3 345 19,52,35,36,27,21,32,7,37,25,47,44,45,18
ACC05e7 430 0,46,54
ACC0783 78 11,10,38,47,50,54
ACC03d6 86 36,32,10,5,42,11,19,54,47,17,23,6,12,28,35,37,0,30,52,14,53,40
ACC0592 255 34,12,8,41,26,37,6,50,17,36,0,3,21,49
ACC034b 504 26,0,49,1
ACC046d 7 10,8,25,45
ACC0703 329 44,28,1,45
ACC0646 441 50,49,46,40
ACC0648 106 48,16,31,11,6,23,0,41,36,3,8,12,52
ACC06a0 172 8,6,4,7,0,30,32,23,45,39,28,46
ACC06e9 532 7,38,39
ACC0c6 353 3,52,28,21,44,29,27,8,4,47,18,19,15,0,1,37,30,40,42,9,22,17,24,2
ACC0216 375 15,4,0,34,33,43,12,42,21,1,50
ACC0bd 561 26,5,50,43,20,39,7,32,4,46,51,54,31,16,25,36,30,52,38,40,42,53
ACC069f 526 17,44,49,21,39
ACC03b0 234 19,50,28,37
ACC03cf 65 7,47,18,16,13,51,3,42,9,26,1,0,2
ACC031f 257 7,13,26,11,8,36,20,37,25,42,48,18,41,5,31
ACC04ef 290 40,15,37,20,6,32,31,11,53,8,52,42,9,19,41
ACC07ab 242 37,5,44,54,19
ACC074c 273 42,52,39,8,13,44,21,29,26,33,6,51,5,46,36,30,41,10,43,16,53,48,0,38
ACC052f 272 27,50,33,45,9,24,28,23,52,11,48,39,8,43,12,54,4,36
ACC0269 596 29
ACC043 136 3,24,16,23,29,2,7,37,30
ACC068a 511 4,13,37,54,38,5
ACC04d 295 30,46,25,7,51,2,37,47,31,5,45,10,20,11
ACC0110 75 24,16,40,34,54,52,23,6,18,12,44,0,20,11,21,22,46,35,41,26,27
ACC055a 285 31,23,2,16,46,45,53,7,48
ACC06f4 153 36,22,16,42
ACC03be 272 46,9
ACC04aa 549 35,26,39,18,40,23,20,44,21,54,46,49,48,11,16,10,24,41,8,5
ACC02f 158 48,26,2,31,51,35,45,42,44,11,23,8,30,6,12,34,41,18,3,10,29
ACC03ba 458 51,23
ACC0483 39 10,20,18,51,39,3,52,17,36,48,29,44,26,14
ACC03c9 435 53,12,16,0,22,39,6,36,32,38,43,25,17,49,35,54,30,31
ACC09b 112 11,22,25,47
ACC036e 550 46,36,49,28,7,25,17,14,19
ACC035e 213 27,33,0
ACC0663 555 26,12,9,47,29,53,20,40,16
ACC0a7 120 29,23,20,15
ACC0368 14 11,4,6,42,47,25,24,5,9,7,37,36,12,51,8,33
ACC0a9 115 41,39,19,33,20,38,32,22
ACC0f8 56 35,17,37,54,32,53,7,36,9,41,47,14,0,8
ACC0a1 88 21,14,41,44,49,38,45,35,42,10,16,18,43,6,24,53,46,52,50,37
ACC0205 246 42,51,43,22,15,0,16,28,44
ACC0525 594 42,31,26,11,35,45,49,51,30,34,38,1,25,40
ACC069e 277 1,10,28,15,27,47,30,13,34,17,20,35
ACC04d6 326 32,13,8,16,9,52,14,0,15,29,17,54,18,49,41,48,11
ACC01c3 579 21,53,26,8,39,36,12,45,49,30,20,9,35,23,46,31,33,40,24
ACC091 188 15,34,18,14,11
ACC0160 107 46,40,26,16,37,15,6,3,11,42,41,38,23,1,31,14,13,45,39,22,10,27,44
ACC0667 109 30,43,50,6,44,36,21,8,53,46,13,17,26
ACC0296 391 5,45,21,51,19,26,49,40,3,20,50,16,4,42,10,48,28,54,2,39,24,25
ACC05f8 549 0,51,54,13,46,43,53
ACC0116 430 42,22,25,31,19,8,7,1,16,33,36,39,46,51,4,29,35
ACC0524 457 6,15,12,17,22,36,14,0,35,46,29,42,37,1,23,32,52
ACC024a 547 48,23,22,51,43,18,7,31,15,34,6,20,54
ACC0373 261 47,21
ACC0435 362 30,19,28,32,16,10,8,25,51,23,2,15,35,9,7,48,22,6,38,47,24
ACC099 97 3,46,21,29,41,27,12,39
ACC049c 225 46,2,18,5,52,28,9,22,35,27,0,48,40,26,39,43,21,49,31,30,50,4
ACC0557 285 51,35,5,2,43,20,9,23,48,40,28,4,49,54,19,22,53
ACC067b 412 45,41,0,50,26,3,38,27,42,2
ACC03de 57 6,38,12,25,44,34,50,13,18,31
ACC0692 222 27,20,50,49,35,18,24,17,38,42,29,54
ACC04dc 327 47,26,12,4,44,53,9,36,15,49,16,42,2,54,22,21,38,35,28
ACC06b2 444 28,27,54,52,16,32
ACC05b5 182 25,29,4,8,54,32,42,15,52,44,34,16,48,53,10,26,5,13,38,24,22,14,1,36
ACC014a 232 34,48,53,28,36,22,27,47,41,3,13,54,20,25,32,35,2,1
ACC0767 79 8,46,5,2,14
ACC065d 7 5,33,35,2,50,17,9,46,19,1,51,36,24,53,43,25,27,0,12,7,26,37,13
ACC0725 5 48,54,32,23,17,52,40,11,39,22,49,26,1,28,42,21
ACC0293 17 23,18,22,5,49,20,33
ACC024c 129 7,13,29,30,31,32,5,33,35,36,18,42,26,51,23,2,12,48,44,37,47,53
ACC02b4 491 46,34,45,7,32,50,54,30
ACC0182 428 25,0,24,7,3,18,17,31,52,49,38,41,33,46,32,22
ACC024 481 50
ACC03fc 143 27,33,7,15
ACC078c 581 23,10,43,20,14,4,44,35,30,17,28,27,1,19,6,2,31,32,5,15,47,39,37,12
ACC03b9 9 20
ACC0181 480 40,7,17,15,31,43,34,27,26,25,49
ACC01b4 104 11,47,8,43,29,44,39,50,24,52,17,28,13,37,49
ACC01eb 318 41,30,44,9,5,17,25,4,14,28,12
ACC01e3 143 41,6,29,26,30,39
ACC02e9 289 3,23,11,12,1,7,31,48,54,38,16,50,26,39,14,44,6,8
ACC0a0 444 49,13,37,16,11,0,48,47,41,5,22,34,7,27,51,28,53,38,39,19,15,2,25
ACC0633 142 6,4,12
ACC04ad 343 51,1,47,46,28,5,49,41,33,50,22,31,4,43,32,44,52,24,29,19,9
ACC059 494 38,35,2,5,39,25,16,1,30,3,27,46,19,21,32,36,48,34,23,4
ACC0503 115 12,5,54,46,1,21,17,45,14,40,37
ACC07bf 395 30,11,45,15,35,1,25,49,4,38,27,24,17,0
ACC01d8 219 53,24,10,26,7,49,23,13,6,20,44,28,43,19
ACC02a4 159 0,3,44,19,47,13,6,42,36,50,2,25
ACC017c 595 36,15,24,19,40,17,37,7,53,6,49,45,21,28,22,34,2,18,13,39
ACC041a 97 5,24,21,2,39
ACC0329 439 16,13
ACC0432 373 3,24,15,39,21,37,48,1,47,35,30
ACC0256 305 0,24,48,4,20,9,46,52,12,53,11,6,26,38,14,1,23,50,3
ACC01b1 149 52,24,27,54,41,30,48
ACC01ab 358 9,49,45,6,54,5,27,0,30,8,39,24,15,53,32,21
ACC073c 334 17,54
ACC01c6 273 7,20,54,32,35,47,40,30,25,26,21,17,31,50,39
ACC02f8 598 28,39,17,27,22,40
ACC0103 498 44,37,41,4,36,31,20,47,45,32,1,52,35,26,49,24,28
ACC0331 208 42,53,25,11,37,35,12,9,54,30,19,20,33,52,44,13,29,22
ACC0d1 382 36,48,16,4,10,51
ACC04ab 306 46,48,14,11,42,12,3,21,40,49,6,34
ACC05da 550 49,34,16,31,54,52,36,3,27,4,9,39,43,6,13,11,18,53,42,47,51,2,28,50
ACC0143 521 48,43,9,29,24,6,38,49,14,41,36,25,5,13,10,3,44,4,8,17,40,23
ACC0219 570 15,53,5,43,6,39,32,8,11,18,28,17,46,3,2,4,34,23,9,7,38,33,29
ACC069a 201 38,18,21,35,11,20,32,31,36,23,16,14,12,53,8,4,47,24,43,33,15,29,13
ACC0690 121 43,22,46,7
ACC0420 139 49,3,22,40,36,4,5,32,50,54,28,43,38,37,51,24,15
ACC05d2 200 28,13,17,19,49,6,8,51
ACC0325 290 33,49
ACC0608 374 45,41
ACC03fd 362 49,14,20,3,34,22,21,27,6,11,45,7
ACC0540 303 34,43,50,11,21,52,45,7,48,18,25,8,40,6,16
ACC0741 316 20,15,26,29,50,22
ACC06a9 381 24,19,34,33,18,43,23,36,2,42,12,38,54,15,21,50,27,25
ACC055c 555 23,46,6,3,7,53,11,47,32,8,30,0,10,34,1,41,33,21
ACC0409 224 27,22,43,32,44,13,50,10,47,39,48,0
ACC062a 261 14,2,36,47,49,40,27,53,28,52,9,4,32,51,39,21,22,42,44
ACC04a4 243 10,21,7,40,2,49,18,22,38,42
ACC0125 559 12,21,47,51,4,34,10,5,33,38,44,39,16,35,32,31
ACC026b 480 14,3,38,31,33,44,4,20,36,41,46,13,22,30,0,16,51
ACC025 531 14
ACC0e1 163 51,26,16,31,34,53,52,33,46,7,12,32,27,48,17,3,8
ACC05b8 433 13,3,18,49,43,41,10,7,50,51,25,29,36,12,40,47,33
ACC057a 156 19,42,39,15,1,12,46,53,38,25,51,24,50,8,54,34,35,32
ACC035f 258 13,35,9,40
ACC0678 333 3,49,1,18,25,43,42,41,46,37,11,20,27,54,44,16,39
ACC0436 70 42,52,45,3,6,18,0,24
ACC01df 41 25,26,28,36,33,11,39,30,10,20,45,22,43,50,27,13,38,1
ACC0728 231 32,2,31,26,24,34,1,27
ACC0320 112 38,13
ACC03f6 391 27,21,14,11,40,18,5,46,44,49,47
ACC0564 333 31,35,29,8,32,38,16,3
ACC0577 403 4,41,6,17,14,24,5,33,50,21,12,51,16,9,45,15,2,23,3
ACC02b6 127 26,2,0,5,37,29,35,27,8,14,22,48,52,3,12,24,43,40,28,46,39,51,32
ACC0693 546 3,5,18,6,47,43,40,1,53,36,0,25,32,54,10,34,9,48,17,13,52,8,30
ACC0130 448 7,35,53,44,45,27,34,5,25,37,20,18,47,33,24,19,1,0,46
ACC06d8 402 34,28,24,46,2,9,25,54,18,21,48,26,8,10,5,49,7
ACC06bd 113 48,29,35,44,36,21,4,45,18,52,1,3,37,9,7,27,43,28,30,14,6
ACC027f 218 52,14,17,41,53,13,1,20,43,7,2,31,49
ACC070e 593 42,23,3,34,26,33,47,48,43,54,5,13,46,51,53,35,49,19,9,52,18,8,28
ACC06a6 261 36,46,40,27,52,1,13,45,6,39,3,29,19,48,11,42,30,37
ACC03d1 499 8,24,35,10,6,27,36,37,42,39,11,34,15,0,28,47
ACC0687 143 2,34,9,14,52,16,29,18,23,24,41,42,3,43,54,25,20,46,15,6,44,0,10
ACC0493 211 50,6,41,13,44,11,38,2,25,31,36,51,48,17,20,16,21,1,12,52,29,7,22,49
ACC0e 371 44,34,43,9,8,26,4,11,40,35,41,52,12,22
ACC048e 45 47,49,19,15,45,53,46,29,3,50,32,26
ACC069d 161 4,34,43
ACC0d3 318 35,30,28,0,22,52,26,7,2,17,44
ACC0334 352 20,35,26,42,23,31,16
ACC044 122 20,18,22,16
ACC0748 593 45,46,1,25,31,52,14,41,50
ACC0789 422 6,3,44,38,46
ACC057c 137 6
ACC0696 63 28,46,14,54,35,21
ACC0487 73 2,16,15,25,54,4,50
ACC07b8 98 29,23,33,30,3
ACC041f 546 46,18
ACC058d 454 1,8,24,45,49,51,25,15,53,21
ACC028c 358 29,19,5,25,47,18,54,51,21,53,45,40
ACC0aa 438 19,52,20,31,47,49,29,18,10,38,33,34,14,51,44,28,23
ACC0495 181 48,1,41
ACC01ec 455 0,54,43,32,2,39,31,37,26,12,27,15
ACC047c 592 38,10,9,48,0,41,12,39,22,1,54,40,23,18,37,31
ACC0471 233 43,44,2,54,11,35,32,13,20,4,45,28,23,48,47,52,6,17,8,49,25,7,30,19
ACC03bd 376 29,20,3,2
ACC0b3 182 2,42
ACC03b1 38 28,16,53,10,54,23,46,50,48,34,45,30,51,52,25,18,19,43
ACC050b 583 4,8,29,45,40,6,31,24
ACC05d5 232 38,46,2,52,43,12,34,13,0,36
ACC0473 221 9,46,54,21,12,47,8,4,43,5,3,42,34,10,35
ACC011b 315 38,15,1,43,23,46,5,47,6,9,53,36,52,48,11,49,32,50
ACC03d7 140 10,14,24,48,33,3,11,22,42,34,41,17,50,39,9,45
ACC04ce 89 46,12,28,22,21,23,41,19,36,31,26,2,10,20,27,49,32,53,8,14,4
ACC0505 383 41,2,14,37,32
ACC063c 457 22,42,31,5,48,45,32,15,30,35,23,47,34
ACC05dd 14 43,0,48,22,54,24,4,46
ACC0183 56 44,32,37,5,35,52,22
ACC0bf 101 34,50,3,36,49,39,31,38,40,19,17,22,24,12,9,14,32,21
ACC0232 544 42,16,36,19,30,23,22,20,11,39,53
ACC04b4 111 52,31,10,43,38,3,42,48,21,5
ACC0544 216 46,40,8
ACC0415 375 6,19,51,24,17,20,31
ACC05b3 159 15,35,8
ACC0545 25 52,49,24,22,41,53,36,15,6,28,35,26
ACC03b2 383 3,30,41,45,34,27,35,26
ACC071 459 27,37
ACC0665 225 43,14,28,0,40,29
ACC0407 317 34,0,7,14,17,26,27,44,28,23,8,1,38,39
ACC03b6 364 11,37,38,42,32,28,10,6,5,12
ACC052b 250 23,16,41,14,44,1,19
ACC0761 167 12,1,33,32,10,47,54,24,19,4,42,26,39
ACC01b2 536 5,24,28,52,48,0,3,45,35,20
ACC08f 431 1,50,52,46,43,18,27,38,10,19,30,16,47,53,4,54,7,45,42
ACC0309 60 15,18,43,49,25,50,45,2,26,28,48,6,37,12,46,53
ACC022d 284 38,1,25,0,19,21,26,48,44,29,22,47
ACC057d 88 17,2,34,12,13,3,26,45,50,53,4,9,30,11,49,16,47,32,1,24,36,52
ACC0109 209 25,24,29,14
ACC0f7 160 19,6,28,54,1,30,44,47,24,22,7,3,36,43,31,17,20
ACC0308 21 12,29,41,11,21,45,37,49,40
ACC046c 551 35,45,19,7,38,14,50,8,18
ACC079b 515 40,19,8,39,53,10,7,34,18,49,13,45,32,27,24,23,41,42,22,0,38,3,2,44
ACC048d 169 37,20,26,45,43,5
ACC05c3 187 22,18,5,41,15,27,19,38,1,53,9,46,21,43,23,50
ACC0519 189 46,27,23,0,10,5,9,53,13,3,33,42
ACC0391 240 22,37,47,51,52,41,54,28,23,48,42,6,40,36,16,5,13,39,33,43,53,20,11
ACC016c 474 13,41,22,5,26,36,0,16,39,35,4,31,28,42,19,3,54,10,14,40,18
ACC0211 101 25,33,11,31,23,1,43,49,39,16,0
ACC0197 254 48,21,27,12,50,41,32,7,17,29,14,6,40,3,20,31,43,44,54,24,37,38,30,51
ACC072d 280 53,6,37,46,40,41,1,44
ACC036 106 5,16,52,1,37,31,13,15,47,9,2,18,44,35,3,0,11
ACC059a 89 11,54,39,17,33,29,27,37
ACC026f 472 48
ACC0735 504 0,6,40,20,42
ACC0628 511 38,39,37,17,12,23,42,48,21,46,34,1,14,18,22,32,19,0,44,45
ACC0f1 364 19,29,12,23,25,0,8,21,35,17,16,33
ACC0d0 478 35,13,37,31,7,12,18,23,32,10,34,50,22,51,25,4,24,40,49,21,15,29
ACC05af 130 39,19,54,16,7,10,28,49,13,22,31,8,47,32,4
ACC012f 555 26,6,46,1,51,3,10,14,40,35,17,42,30,47,25,13,2,36,54
ACC0517 453 23,44,48,45
ACC039b 108 28,44,11,39,43,34,12,30,10,18,20
ACC04b0 334 23,14
ACC022c 147 49,36,47,20,8,31,51,43,27,2,24,12,22,16,10
ACC04b3 55 2,3,9,27,29,54,16,49,18,17,7,45,39
ACC0799 535 39,34,47,54,40,32,5,19,46,11,20,26,14,23,17,30,12,50
ACC0ff 446 43,6,16,12,54,35
ACC014d 488 9,53,15,26,48,16,39,41,7,17
ACC0504 79 47,5
ACC035c 125 34,3,25,40,18,54
ACC04a8 335 22,40,25,18,14,34,33,54,23,31,24,12,10,44,4
ACC076c 536 0
ACC0666 221 35,23,1,32,17,52,4,41,36,16,53,48,21,43,26,28,20
ACC072 44 19,40,30,54,48,9,43,12,3,37,17,35,44,16,52,18,21,39,32
ACC0502 71 37,30,26,41,48,19,18,2,50,29,7,44,4,3,47,49,12,1,45,16,21
ACC02f3 32 20,40,47,4,44,43,42,33,41,32
ACC04ec 49 50,33,34,0,36,45,30,26,40,23,2,31,53,39,19,22,24,29,49,1,27
ACC06fe 200 49,6,8,32,28,17,13,42,11,14,10,39,36,29,20,45
ACC07f 584 23,30,36,24,48,35,20,46,1,51,39,5,44,14,3,27,22,11
ACC0537 438 30,25,9,46
ACC07b2 98 51,23,17
ACC03a7 224 41,16,9,23,17
ACC0796 142 1,13,10,5
ACC0599 5 8,17,34,21,23,15,25,36,11,54,46,6,39,18,7,13,41,16,32,45
ACC06bf 102 50,20,8,12,23,18,41
ACC028a 399 31,53,40,32,11,9,2,8,43,51,20,13
ACC01d4 131 44,8,11,10,41,50,52,53,13,49
ACC0336 507 11,21,9,49,50,14,26,27,5,35
ACC05e5 501 54,5,36,37,19,8,14,44,0,6,12,3,52,21
ACC096 322 32,16,37,20,48,35,38,30,14,2,51,50,9,47,22,44,13,4,45,17,21,15
ACC062e 366 37,31,42,30,44,36,35
ACC03a3 304 3,30
ACC04e5 396 52,24,27,36,26,5,7,38,15,29,19,16
ACC061e 442 17,4,40,14,47,45,43,36,12,42,27,20,25,11,53,44,37,32,41
ACC04ee 359 45,27,36,16,18,24,48,33,25,40,47,0,53,30,39,29,9,50,13,12,17
ACC039d 172 43,54,46,15,52,19,28,5
ACC01f 84 51,30,1,14,2,40,48,24,16,35,42,5,9,13,12,15,39,34,31,44,38,28
ACC03ad 173 17,27,25,51,46,53,7,49,50,29,36,21,3,15,42,12,6,32,30,44,14,9
ACC076 200 31,22,30,49,54
ACC016f 589 21,8,6,49
ACC048c 129 10,40,29,52,38,44,47,28,2,7,34,14,12,18,37,42,20,23,50,51,41,30,54
ACC0782 84 29,41,36,44,43,19,24,32,3,38,40,13,12,50,48,18,20,11,28,14,37,42,31,30
ACC03d8 590 4,31,41,53,28
ACC04cc 504 50,17,5,0
ACC02b3 551 50,44,19,21,31,54,48,47,7,28,32,30,37,45,15,18,12,11,17,3,9,51,29,6
ACC0536 226 41,14,12,24,22,36,31,50,43,32,34,1
ACC06fb 129 34,13,39,38,5,18,44,1,33,50,21
ACC075 79 53,31
ACC0358 344 13,18,54,52,28,3,25,53,35,39,34,49,36,21,19,12,41,29,23,32,48,6
ACC0530 254 52,29,39,13,50,28,18,14,44,17,34,15,20,3,33
ACC066a 127 24,7,38,52
ACC0568 421 24,34,52,54,51,6
ACC06ab 97 17,14,16,19,27,2,35,34,33,5,4,43,48,6,39,38
ACC0345 50 19,22,27,17,0,26,46,8,31,49,3
ACC034a 403 19,17,27,38,43,54,45,48,40,41,3,23,2,30,53,32,29,44,13,26,20
ACC0388 406 32
ACC06da 588 1,16,13,6,15,19,28,42,34,21,41,3,48,0,5,12,18,9
ACC07b 511 25,2,14,46,12,52,32
ACC0576 547 39,23,24,28,47,10,37,34,7,20,2,38,45,30,4,48,40,33,0,54,9,42,6
ACC029c 373 25,37,36,13,45,12,17,3,43,23,39,47,22,52,49,33,30,24,51,9,1,16
ACC0a 594 25,14,45,42,33
ACC02e7 136 14,51
ACC051e 83 30,7,47,45,42,49,36,4
ACC04ca 231 53,26,28,37,48,17,44,6,30,14,46,10,13,35,20,52,50
ACC0372 369 29,45,35,43,13,10,20,49,21,53,46,26,11,9,41,16
ACC0744 86 33,18,19,29,43,2,50,5
ACC01d 309 8,44,31,38,46,22,14,15,34,39,25,42,12,30,36,10,41
ACC0431 548 6,41
ACC0393 40 7,43
ACC030a 159 39,45,1,54,30,17,53,51,27,23,34,8,36
ACC019a 169 26,6,28,14,50,12,53
ACC0515 450 16,30,34,41,27,47,44
ACC075e 494 30,4
ACC06b 276 50,6,22,23,14,24,48,32,29,43,5,13,19,47,9,39,38,20,54,30,26,10,33
ACC01d1 495 41,43,12,31,52,30,11,8,4,34
ACC03bf 128 18,45
ACC0314 163 25,39,50,17,11,46,42,13,45,47,16,34,24,23
ACC03bc 24 20
ACC0120 573 3,16,14,46,28,27,47
ACC069 185 13,0,9,54,25,15,38,6,39,30,53
ACC04b1 0 15,26,52
ACC04be 494 48,23,30,26,53,14,38,25,28,13,17,50,12,5,9,6,40
ACC02d4 131 12,17
ACC039 429 29,25,8,45,48,6,3,31,50
ACC0e6 336 22,23,49,19,44,18,54,5,20,33,21
ACC04db 339 6,4,7,17,34,51,16,1,3,14,44,19
ACC054f 400 15,40,49,1,48,24,36
ACC0379 381 0,18,1,11,54,22,46,30,2,5,43,51,12,20,17,33,27
ACC021e 57 53,15,46,8
ACC016a 68 30,49,48,11,14,1,42,34,19,8,28,43,25,20,41,2,50,21,38,51,10,45
ACC0469 308 43,28,13,27,22,44,54,38,0,20,45,18,7,4,46,3,29,39,50
ACC0284 106 11,0,27,45,43,36,48,3,28,32,40,5,42
ACC0791 297 31,1,48
ACC01ff 235 3,25,52,9,11,54,38,49,53,51,4,26,44,19,35,17,36,41
ACC02a0 39 45,20,13,5,52,21,47,24,40
ACC071b 494 32,53
ACC05ef 484 37,23,34,4,21,7,40,16,35,29,5,12,27,0,45,48,6,26,51,54,18,42,33
ACC0697 318 1,15,27,35,42,40,7,14,17,18,43,25,37,29
ACC05d3 478 40,9,22,13,38,11
ACC0139 334 33,23
ACC05b9 471 8,39,48,19,3,40,44,12,23,18,41,11,53,9,16,24,32,36,28
ACC02f9 133 37,23,30,46,25,43,11,32,54,31,28,12,21
ACC048f 568 11
ACC060 357 38,25,11,3
ACC0550 404 52,54,36,28,46,41,24,25,23,7
ACC073a 450 23,36,42,8,15,1
ACC056e 277 16,29,26,14,35,18
ACC0556 124 17,25,6,7,15,8,50,45,11,37,19,38,40,44,10,39,0,26,13
ACC0295 302 33,4,46,47,51,25,22,9,5,14,49,12,34,13
ACC0574 466 38,29,6,49,2
ACC0730 464 14,48,46,27
ACC053a 396 54,32,3,7,21,2,41,14,34,51,43,19,48,17,18,23
ACC019d 164 25,40,51,14,24,27,30,13,45,44,5,48,22,1,0,29,28,8,47,42,41
ACC06a4 46 54,35,17,21,36,5,6
ACC0681 422 45,39,41,2,18,54,28,51,1,11,12,44,16,13,5,32,30,9,46,6,53,23,25
ACC04b7 410 37,3,22,35,34,6,27,10,32,1,46,36,13,16,28,42,33,21,44,31,52,5,15,4
ACC0676 73 13,38,28
ACC0509 448 44,18,54,32,31,17,8,13,30,5
ACC0186 498 16,44,0,24,39,15,7,1
ACC0787 425 43,36,2
ACC01c1 163 1,31,21,27,18,30,13,8,35,46,33,40,43,42,9
ACC0ef 534 18,49,41,32,40,19,46,47,2,13,25,52
ACC0650 348 32,52,44,15,20,45,43,18,37,25,28,49,16,21,50,8,26,31,53,34,29,19,51,12
ACC061 316 47,23,18,38,8
ACC0e8 81 50,9,35,18,29,51,12,14,54
ACC06df 106 27,32,4,42,51,15,30,25,39
ACC08c 274 7,24,38,9,21,17,34,37,47,41,4
ACC036d 243 20,3,37,46,49,21,32,10,22,39,6,25,53,1,45,16,50,2
ACC018b 524 36,52,12,21,39,10,26,20,4,48
ACC0c3 110 19,50,12,45,47,3,28,1,31,37,7,35,33,8,16,20
ACC0262 76 53
ACC0123 70 39,29,6,37,44,3,8,48,52,14
ACC01c2 176 5,53,33,31,46,48,17,12,39,0,41,35,34,2,21,20,11,10,47,16,15
ACC0657 563 46,11
ACC046 587 26,51,15,4,41,20,5,1
ACC05bd 269 52,12,6,25,51,19,49,7,22,30,33,5,39,2,37,41
ACC0164 529 40,17,33
ACC02db 54 14,8,3,53,5,41,39,0,10,45,33,29,15,30,24,4,38,9,7,47,22,25
ACC02cd 238 6,48
ACC092 582 48
ACC010d 47 52,2,38,50,37,22,14,5,46,15,31,43,27,49,0,23,1,48,42
ACC06a8 94 9,6,4,32,43,29,15
ACC0710 115 52,4,39,34,31,48,54,50,5,22,16,2,44,49,20,15,3,0,37
ACC04a3 129 6,9,37,8,18,52
ACC019e 102 3,1,35,53,5,30
ACC0322 421 6,0,46,16,24,42
ACC0773 507 1,29,28,44,30,45
ACC0eb 462 40,0
ACC01a 421 24,27,7,29,12,31,44,41,13,52,1,0,20,25
ACC0173 101 29,51,32,50,54,44,33,22,42,6,46,36,53,23,8
ACC018a 118 14,53,27,51,39,8,25,33,48,9,4,11,3,47,30,7,31,32,37,49,44,19,36
ACC0223 439 35,4,33,1,0,42,15,5,10,20,43,16,17,7,18,25,13,24,28,39,34,26,48
ACC05cd 58 23,32,16,12,21,25,13,6,40,19,46,17,51,7,37,49,26,44,42
ACC0756 104 21,51,37,11,40,44,34,35,39,20,46,32,14,43
ACC07ba 255 16,2,50,31,34,0,9,10,49,4,20,8,6,36,35,53,27,47
ACC0134 202 41,8,19,35,3,40,26,29,0,42,10,51
ACC0168 305 37,36,23,12,34,7,49,27,16,4,11,26,18,30,45,14,20,31,47
ACC0500 397 30,12,18,53
ACC05eb 471 51,52,45,50,17,24,29,19,38,1,46,2
ACC0470 537 6,21,5,4,14,47,9,35,2,54,51
ACC0117 365 14,29,39
ACC0fe 485 4,44,0,3,52,17,47,12,11,27,8,9,14,34,46,5,35,16,53,22,41
ACC03 264 1,13,15,43,4,27,25
ACC037b 376 9,28,22,21,51,38,0,50,41,40,29,34
ACC0140 560 41,36,49,13,11,23,2
ACC0347 4 49,46,43,16,47,4,2,6
ACC082 421 39,11,4,41,21,33,51,2,18,42,20,30,8,29
ACC0145 2 3,42,27,5,25,33,40,14,24,2,44,10,11,49
ACC0353 472 14,41,38,45,49,23,44,21,42
ACC06c8 239 47,43,23,42,19
ACC03c3 413 40,39,45,38,21,12
ACC09c 108 16,48,24,53,3,31,6,45,54,30,15,2,49,29
ACC0596 472 20,12,7,45,38,26,25,8,21,52,13
ACC023e 340 2,35,1,51,5,12,41,8,22,20,18
ACC04b2 231 34,50,33,14,13,18,52,31,51,40,36,5,48,3,0,32,46,2,1,6,47,19,24
ACC0575 318 16,32,22,38,48,3,50,37,15,2,53,39,18
ACC0177 332 6
ACC055f 157 42,20,9,35,23,26,27,19,14,38,43,7,11,4,10,5,25,12,22,29,50,30,16,24
ACC02c4 444 9,34,20,15,44,41,2,48,7,43,32,23
ACC0755 583 21,42,50,5,47
ACC03e8 587 43,10,16,4,34,11,39,22,13,0,48,26,12,50,54,47
ACC0289 247 6,53,46,27,47,19,44,24,23,31,45,50
ACC089 163 38,42,45,2,35,51
ACC09d 396 54,16,50,45,19,18
ACC06a3 362 52,7,46,27,28,6,37,54,51,11,48,31,16,49,36,26,1
ACC051b 87 6,0,32,8,5,3,51,29,38,23,49,14
ACC057f 336 41,33,30,49,53,20,44,12,13,50
ACC0753 62 27,19,50
ACC05d 24 51,1,22,21
ACC0688 197 1,33,13,25,50,54,16,44,9,12,36,52
ACC0625 22 21
ACC0580 327 16,13,31,42,49,45,40,24,41,25,30
ACC06c4 61 4,8,24,53,44,7,25,5
ACC04f3 306 33,25,34,16,50,35,0,2,13,29,30,12,43,17,41,37,51,8,48,24,26,6,52,39
